VARIABLES= "x","y","Mach","Temp","Pressure","Rho","u", "v" ZONE N=948 E= 1800 F=FEPOINT  ET=triangle
10.2094	2.39316	0.300019	1.31246	0.714275	0.999945	0.299998	-0.000147843
9.35456	4.64723	0.300162	1.25625	0.714322	1.00003	0.300188	-9.7883e-05
7.98511	6.63123	0.300133	1.30495	0.714332	1.00005	0.300167	-4.18563e-05
6.18065	8.22984	0.3001	1.29624	0.714336	1.00005	0.300136	-6.1252e-06
4.04605	9.35016	0.300073	1.2812	0.714339	1.00005	0.300112	2.93069e-05
1.70537	9.92709	0.300065	1.30858	0.714341	1.00006	0.300105	9.83024e-05
-0.70537	9.92709	0.299978	1.48257	0.714382	1.0001	0.300047	0.000185665
-3.04605	9.35016	0.299914	1.2514	0.714381	1.0001	0.299983	0.000159925
-5.18065	8.22984	0.299824	1.38511	0.714413	1.00013	0.299916	0.000156986
-6.98511	6.63123	0.299762	1.37089	0.714436	1.00015	0.29987	0.000121979
-8.35456	4.64723	0.299727	1.33347	0.714445	1.00016	0.299842	8.24523e-05
-9.20942	2.39315	0.299706	1.29851	0.714449	1.00016	0.299824	3.49462e-05
-9.5	0	0.299716	1.32916	0.714445	1.00016	0.29983	-1.33397e-05
-9.20942	-2.39316	0.299728	1.34798	0.714437	1.00015	0.299837	-4.87067e-05
-8.35456	-4.64723	0.299769	1.228	0.714421	1.00014	0.299867	-9.97354e-05
-6.98511	-6.63123	0.299831	1.32798	0.714408	1.00012	0.299919	-0.000117184
-5.18065	-8.22984	0.299888	1.30019	0.714391	1.00011	0.299964	-0.000118112
-3.04605	-9.35016	0.299948	1.31364	0.714371	1.00008	0.300009	-0.000111082
-0.70537	-9.92709	0.300014	1.23762	0.714354	1.00007	0.300063	-9.4795e-05
1.70537	-9.92709	0.300046	1.34901	0.714346	1.00006	0.300089	-7.46546e-05
4.04605	-9.35016	0.30006	1.21834	0.714342	1.00006	0.300101	-3.68763e-05
6.18065	-8.22984	0.300082	1.52531	0.714341	1.00006	0.300122	-3.54588e-05
7.98511	-6.63122	0.300086	1.28191	0.714338	1.00005	0.300124	5.54378e-06
9.35456	-4.64723	0.300102	1.33529	0.714343	1.00006	0.300143	2.88851e-05
10.2094	-2.39316	0.300062	1.30718	0.714336	1.00003	0.300093	0.000100965
10.5	0	0.299913	1.28312	0.714277	0.999927	0.299888	2.78429e-05
0.9853	-0.00216	0.251962	1.31687	0.723298	1.00817	0.255276	0.0316067
0.96662	-0.0048	0.263626	1.30973	0.720705	1.00561	0.265412	0.0332521
0.94288	-0.00806	0.273062	1.30718	0.718499	1.00342	0.273537	0.0337504
0.91268	-0.01208	0.281396	1.38757	0.716486	1.00142	0.280665	0.0335398
0.87428	-0.01697	0.289152	1.30276	0.714594	0.999531	0.287279	0.0327551
0.82539	-0.02287	0.296732	1.37839	0.712738	0.997681	0.293716	0.0315202
0.76315	-0.02988	0.304417	1.32356	0.710881	0.995828	0.300236	0.0297123
0.69679	-0.03672	0.311538	1.3461	0.709166	0.994112	0.306246	0.027558
0.63557	-0.04245	0.317715	1.32001	0.70765	0.99258	0.311398	0.0253462
0.57912	-0.0472	0.323237	1.30789	0.706258	0.99116	0.315944	0.0229813
0.52707	-0.05108	0.328259	1.35791	0.704973	0.989833	0.320036	0.0204002
0.48292	-0.05393	0.332289	1.28473	0.703901	0.988696	0.323263	0.0178801
0.4496	-0.05578	0.335202	1.28341	0.703088	0.987802	0.325543	0.0156987
0.42446	-0.05699	0.337475	1.37912	0.702452	0.987087	0.327305	0.0138545
0.40551	-0.05779	0.339319	1.37852	0.701956	0.986516	0.328736	0.0122826
0.39123	-0.05832	0.340595	1.37797	0.701633	0.986123	0.329737	0.0109674
0.38046	-0.05867	0.341616	1.37524	0.701317	0.98575	0.330482	0.0100361
0.37236	-0.05892	0.342706	1.35922	0.701039	0.985449	0.331332	0.00906881
0.36258	-0.05918	0.343753	1.29349	0.70077	0.985179	0.332159	0.00781294
0.35052	-0.05946	0.345233	1.29083	0.700363	0.98477	0.333289	0.00629957
0.33565	-0.05973	0.346989	1.36181	0.699879	0.984285	0.33462	0.00426776
0.3173	-0.05994	0.349009	1.28955	0.699319	0.983723	0.33613	0.00158807
0.29467	-0.06	0.351316	1.36028	0.698664	0.983066	0.337808	-0.00196781
0.26677	-0.05975	0.353899	1.28785	0.697934	0.982334	0.339619	-0.00690226
0.23237	-0.05887	0.356233	1.35585	0.697328	0.98173	0.341136	-0.0139676
0.19003	-0.05675	0.357377	1.30015	0.697112	0.981524	0.341477	-0.0243058
0.14262	-0.05263	0.357282	1.27974	0.697102	0.981478	0.339994	-0.0390435
0.10617	-0.04774	0.355339	1.28164	0.697531	0.981746	0.33617	-0.0551849
0.0782	-0.0425	0.350807	1.28189	0.698642	0.982611	0.329344	-0.0721667
0.05679	-0.03718	0.342586	1.37057	0.700769	0.984425	0.31844	-0.0898303
0.04044	-0.03193	0.33	1.36891	0.703943	0.987246	0.302673	-0.107131
0.02775	-0.02678	0.311819	1.36504	0.708467	0.991403	0.28076	-0.123246
0.01763	-0.02158	0.284678	1.36464	0.715311	0.997892	0.248538	-0.138422
0.00956	-0.01591	0.23464	1.34392	0.728753	1.01094	0.194274	-0.144317
0.00313	-0.00856	0.144242	1.37695	0.747885	1.0295	0.111659	-0.108198
0	0	0.0615407	1.37951	0.758042	1.03982	0.0678972	-0.00139657
0.00261	0.00763	0.133617	1.39882	0.749769	1.0315	0.104118	0.100447
0.00891	0.01534	0.227631	1.34959	0.730749	1.01294	0.186787	0.144068
0.01681	0.02109	0.281841	1.36399	0.715946	0.998544	0.244954	0.139891
0.02673	0.02631	0.310371	1.36444	0.708627	0.991565	0.278647	0.124791
0.03916	0.03145	0.329014	1.29106	0.703884	0.987182	0.301028	0.108741
0.0551	0.03669	0.342069	1.295	0.700483	0.98413	0.317161	0.0916429
0.07599	0.04201	0.350826	1.36927	0.698124	0.982081	0.328545	0.0738569
0.10329	0.04727	0.356017	1.28078	0.696805	0.981008	0.335936	0.0568247
0.13887	0.05221	0.35834	1.27846	0.696231	0.980633	0.340079	0.0408014
0.18516	0.05642	0.357929	1.29404	0.696375	0.980922	0.341306	0.026019
0.23892	0.05909	0.355344	1.30264	0.697046	0.981684	0.340151	0.0134409
0.29878	0.06001	0.35085	1.30559	0.69822	0.982905	0.337084	0.00290303
0.3653	0.05911	0.345267	1.30577	0.699657	0.984354	0.332848	-0.00611367
0.42719	0.05687	0.3401	1.28586	0.70095	0.985648	0.328716	-0.012671
0.47494	0.0544	0.335724	1.29426	0.702045	0.986745	0.325155	-0.0169585
0.51179	0.0521	0.331874	1.28787	0.703046	0.987747	0.322035	-0.0198987
0.54025	0.05013	0.328823	1.29628	0.703854	0.988557	0.319563	-0.0219057
0.56223	0.0485	0.326483	1.2896	0.704458	0.989162	0.317642	-0.0233885
0.57922	0.04717	0.32458	1.37853	0.70496	0.989665	0.316086	-0.024466
0.59235	0.04611	0.323032	1.2911	0.705369	0.990074	0.314828	-0.0251815
0.60249	0.04527	0.321726	1.29042	0.705713	0.990419	0.313755	-0.0258631
0.61065	0.04458	0.320808	1.28172	0.70598	0.990706	0.313035	-0.0262173
0.62271	0.04355	0.319762	1.29213	0.706282	0.991051	0.312224	-0.0265235
0.64053	0.04198	0.318127	1.29264	0.706723	0.991546	0.310922	-0.0270628
0.66688	0.03957	0.315778	1.29349	0.707389	0.992274	0.309069	-0.0277594
0.70578	0.03582	0.312155	1.27571	0.708385	0.993335	0.306184	-0.0285466
0.76315	0.02988	0.305936	1.31807	0.709949	0.994931	0.301046	-0.03
0.82539	0.02287	0.29799	1.37389	0.711922	0.996905	0.294388	-0.0316546
0.87428	0.01697	0.290354	1.38475	0.71382	0.998798	0.287951	-0.0328269
0.91268	0.01208	0.282511	1.38678	0.715771	1.00074	0.28131	-0.0335919
0.94288	0.00806	0.274035	1.38928	0.71788	1.00284	0.27412	-0.0337984
0.96662	0.0048	0.2644	1.3918	0.720212	1.00515	0.265893	-0.0332755
0.9853	0.00216	0.252445	1.39329	0.722963	1.00787	0.25558	-0.0315678
1	0	0.240287	1.21461	0.726606	1.01129	0.247193	0.000145848
0.611932	-0.0993329	0.320877	1.13024	0.707617	0.992706	0.314756	0.0225575
0.736338	-0.0950809	0.308715	1.16399	0.710577	0.995692	0.304632	0.0265771
0.43821	-0.0808988	0.336481	1.17924	0.703281	0.988101	0.327054	0.014044
0.468066	-0.0873804	0.334001	1.13365	0.704096	0.989009	0.325231	0.0158646
0.556769	-0.0984229	0.326065	1.1316	0.706308	0.991363	0.318995	0.0202621
0.800773	-0.0841138	0.301341	1.14005	0.712284	0.997379	0.298363	0.0283798
0.898248	-0.0519651	0.286121	1.14889	0.715806	1.00083	0.285324	0.0306887
0.85559	-0.0676083	0.293678	1.18763	0.714049	0.99911	0.291803	0.029779
0.507686	-0.0941953	0.330579	1.17632	0.705112	0.990109	0.322607	0.0179399
0.957925	-0.029549	0.270225	1.1436	0.719521	1.00449	0.271718	0.0305337
0.671714	-0.0987124	0.315213	1.13208	0.70902	0.994131	0.310078	0.0246144
0.978529	-0.0216597	0.261224	1.15555	0.721581	1.00652	0.264032	0.0289334
0.931695	-0.0394819	0.278403	1.16947	0.717613	1.00261	0.278711	0.0310073
0.0279022	0.0410751	0.311215	1.13443	0.709817	0.993867	0.288277	0.106646
0.415765	-0.0758579	0.338464	1.17851	0.702629	0.987362	0.328496	0.012471
0.398886	-0.0719661	0.340088	1.13068	0.702116	0.98677	0.329681	0.0111767
-0.000685197	-0.0183852	0.197908	1.17963	0.738021	1.02126	0.175963	-0.112464
0.386185	-0.0689721	0.341165	1.13448	0.701761	0.986337	0.330447	0.0101471
0.376684	-0.0676577	0.342126	1.18991	0.701427	0.985944	0.331113	0.00932483
-0.00131564	0.0172666	0.189579	1.17952	0.739809	1.02308	0.16899	0.108616
0.367728	-0.0687619	0.343118	1.11657	0.701224	0.98575	0.331942	0.00819691
0.0622034	-0.0611357	0.338611	1.1322	0.703235	0.987752	0.320789	-0.0743344
0.35682	-0.0709688	0.344318	1.12149	0.700954	0.9855	0.332923	0.00678958
0.08693	-0.0731702	0.34546	1.13278	0.701564	0.986262	0.329484	-0.0585526
0.0434211	-0.0507304	0.327907	1.13092	0.705946	0.990246	0.30797	-0.090234
0.119619	-0.0857831	0.349867	1.12736	0.700522	0.985347	0.335275	-0.0435999
0.306043	-0.0818679	0.349315	1.1694	0.699865	0.984509	0.33696	-0.000534961
0.0290352	-0.0418226	0.312722	1.17514	0.709758	0.993807	0.290312	-0.10529
0.326678	-0.077576	0.347472	1.13452	0.700258	0.984863	0.335481	0.00258319
0.209192	-0.0979145	0.353262	1.12861	0.699489	0.984317	0.340015	-0.0185109
0.280478	-0.0869044	0.351238	1.1334	0.69949	0.984182	0.338489	-0.00472509
0.343346	-0.0739679	0.345785	1.12417	0.700627	0.9852	0.334116	0.00496874
0.16268	-0.0966351	0.35207	1.15735	0.699986	0.984865	0.338506	-0.029615
0.248717	-0.0926749	0.352883	1.16873	0.699269	0.984022	0.339782	-0.01051
0.0165821	0.033559	0.288232	1.15298	0.715947	0.999748	0.263127	0.119108
0.0175178	-0.034246	0.290573	1.17592	0.715532	0.99933	0.265875	-0.118001
-0.00670793	-0.00730503	0.119683	1.18904	0.751074	1.03402	0.119012	-0.0526254
0.0079089	-0.0268379	0.256438	1.16697	0.724427	1.00794	0.229844	-0.126062
0.0843693	0.0719957	0.345499	1.1718	0.700981	0.985672	0.328778	0.0599819
0.00706238	0.0261804	0.252121	1.17191	0.725439	1.00897	0.225488	0.126101
-0.00680899	0.00659056	0.116156	1.22789	0.7514	1.0344	0.117216	0.047288
0.0602578	0.0601111	0.338051	1.12607	0.702846	0.987356	0.319555	0.0758383
0.041945	0.0498428	0.326769	1.17575	0.705781	0.990077	0.306215	0.091781
0.116258	0.084471	0.35025	1.12454	0.699789	0.984615	0.334836	0.0451182
0.209471	0.109482	0.351625	1.14069	0.699411	0.984414	0.33842	0.0187116
0.15802	0.0982376	0.352014	1.15264	0.699355	0.984292	0.337816	0.0310774
0.332873	0.121132	0.3453	1.15277	0.700901	0.985952	0.334069	-0.000934257
0.267956	0.117741	0.349213	1.14373	0.69997	0.985013	0.336986	0.00819415
0.453513	0.102965	0.336948	1.12528	0.702615	0.987572	0.327035	-0.0137307
0.398339	0.115834	0.340924	1.14286	0.701863	0.986879	0.330493	-0.00839397
0.527968	0.0792532	0.330047	1.17805	0.704026	0.988889	0.321063	-0.0201036
0.495642	0.0897245	0.333266	1.12377	0.70334	0.988243	0.32383	-0.0174691
0.572038	0.0646105	0.325446	1.17909	0.70502	0.989827	0.317093	-0.0234165
0.552851	0.0710363	0.327491	1.17858	0.70458	0.989412	0.318863	-0.0219962
0.598256	0.0557756	0.32256	1.14194	0.705706	0.990478	0.314643	-0.0252015
0.586831	0.0595998	0.323879	1.13634	0.705396	0.990184	0.315768	-0.0243853
0.61771	0.056121	0.320627	1.12737	0.706252	0.991064	0.313122	-0.025854
0.607356	0.054225	0.321496	1.17991	0.705966	0.990735	0.313752	-0.0257575
0.656116	0.067137	0.317312	1.12758	0.707353	0.992294	0.310689	-0.026432
0.633191	0.0605932	0.319274	1.13118	0.706697	0.991567	0.312131	-0.0260804
0.739861	0.0849708	0.309768	1.18138	0.709597	0.99469	0.304883	-0.027271
0.690085	0.0766483	0.314421	1.13102	0.708282	0.993307	0.308534	-0.0267531
0.800535	0.0819967	0.302629	1.17221	0.711366	0.996468	0.298969	-0.0285307
0.85559	0.0676083	0.294739	1.1476	0.713239	0.998316	0.292296	-0.0298027
0.898248	0.0519651	0.287116	1.18866	0.715048	1.0001	0.285811	-0.030664
0.931695	0.0394819	0.2793	1.15014	0.716936	1.00196	0.279173	-0.030972
0.957925	0.029549	0.270993	1.18165	0.718949	1.00395	0.272137	-0.0304833
0.978529	0.0216597	0.261819	1.19364	0.721139	1.00611	0.264378	-0.0288318
0.994911	0.0164695	0.251548	1.17038	0.723575	1.00848	0.255886	-0.0237081
0.994911	-0.0164695	0.251186	1.14397	0.723862	1.00874	0.255659	0.0239579
0.52382	0.121583	0.330379	1.13958	0.704876	0.990073	0.322348	-0.0168835
1.01202	-0.0127348	0.249767	1.18182	0.724949	1.00974	0.255788	0.00952002
0.0414539	-0.0764356	0.317364	1.1337	0.709718	0.995044	0.305652	-0.0709222
0.846889	-0.137992	0.298577	1.15065	0.713849	0.999174	0.297209	0.0236462
0.955909	0.0638257	0.277506	1.19682	0.71795	1.00307	0.278667	-0.0249998
0.642546	-0.168722	0.318591	1.17412	0.709256	0.994649	0.314079	0.0190312
-0.0045993	-0.0309601	0.228426	1.17048	0.731304	1.01629	0.22023	-0.0893858
0.527447	-0.151814	0.328585	1.17733	0.706726	0.992047	0.322157	0.015336
0.364864	-0.0826641	0.343379	1.11387	0.701712	0.986497	0.332709	0.00685246
0.0150077	-0.050604	0.287014	1.16057	0.717166	1.00234	0.273867	-0.0918095
0.2348	-0.139392	0.347546	1.12994	0.702207	0.987549	0.337146	-0.0134707
0.389293	-0.0842251	0.340918	1.12337	0.702383	0.987208	0.330817	0.00934386
0.353422	-0.0874687	0.344382	1.11676	0.701562	0.986403	0.333607	0.00525106
0.446092	-0.116596	0.335842	1.13464	0.704488	0.989612	0.327559	0.012422
0.129158	-0.138793	0.339485	1.17694	0.704639	0.990099	0.329962	-0.0327707
-0.0134902	-0.0181685	0.181665	1.22123	0.740821	1.02562	0.183649	-0.0601254
1.01202	0.0127348	0.249969	1.15043	0.724822	1.00963	0.255942	-0.00899034
0.620722	0.0747241	0.320859	1.14161	0.706582	0.991538	0.313754	-0.0245429
0.0140588	0.049642	0.284849	1.13838	0.717305	1.00249	0.271443	0.0924834
-0.0135743	0.016823	0.177382	1.18568	0.741509	1.0263	0.180248	0.0568009
0.086454	0.11366	0.333848	1.14267	0.705332	0.990763	0.32326	0.0467116
0.596942	0.0708293	0.32315	1.2017	0.705872	0.99078	0.315487	-0.0240101
0.894413	0.107492	0.291823	1.19732	0.714682	0.999914	0.290923	-0.0245821
0.844489	0.137656	0.299698	1.18786	0.712911	0.998208	0.297649	-0.023618
0.440818	0.173248	0.335445	1.13361	0.704406	0.989822	0.327319	-0.00883628
0.773646	0.153817	0.307933	1.16943	0.710983	0.996315	0.304532	-0.022735
0.583297	-0.162697	0.323684	1.17122	0.707986	0.993353	0.31823	0.0172506
0.708266	-0.17235	0.312995	1.16032	0.710608	0.996013	0.309454	0.0206355
0.92892	-0.0830962	0.283935	1.19017	0.717007	1.00218	0.284514	0.02533
0.0266913	-0.0616782	0.304955	1.18775	0.71269	0.997944	0.292087	-0.0829887
0.781254	-0.164204	0.30618	1.17427	0.712177	0.997563	0.30372	0.0222201
0.894413	-0.107492	0.291068	1.14924	0.715461	1.00071	0.290702	0.0247597
0.376728	-0.0793627	0.342236	1.14827	0.701871	0.986612	0.331677	0.008484
0.00493453	-0.0406317	0.262889	1.1672	0.723155	1.00824	0.250472	-0.0963007
0.0610557	-0.094913	0.326812	1.1396	0.707555	0.992943	0.316155	-0.0580966
0.0892564	-0.115808	0.334329	1.13974	0.705903	0.991336	0.324388	-0.0453483
0.298865	-0.112837	0.348044	1.13926	0.701297	0.986405	0.337056	-0.00304579
0.321137	-0.102687	0.346944	1.12136	0.701304	0.98631	0.335975	0.000431655
0.421514	-0.10275	0.337951	1.13569	0.703621	0.988634	0.32893	0.0112251
0.184488	-0.149913	0.343883	1.14979	0.703487	0.988924	0.33424	-0.021538
0.271012	-0.125096	0.348562	1.1232	0.701509	0.986731	0.3377	-0.00755167
0.480375	-0.134399	0.33279	1.13824	0.70553	0.990766	0.325388	0.0137009
0.339027	-0.0943225	0.34566	1.12131	0.701413	0.98633	0.334776	0.00311988
0.403104	-0.0922182	0.339585	1.12925	0.702917	0.987829	0.329956	0.0101427
-0.0167849	-0.000430156	0.147808	1.22617	0.746581	1.0311	0.159285	-0.00180448
0.00411716	0.0398106	0.259894	1.17738	0.723661	1.00876	0.247667	0.095971
-0.00565955	0.0297436	0.223005	1.18135	0.732354	1.01736	0.215841	0.0867308
0.0590056	0.0930524	0.326223	1.18619	0.707146	0.992532	0.315033	0.0592173
0.0399211	0.0749163	0.316054	1.18632	0.709485	0.994812	0.303904	0.0719348
0.0255387	0.0604902	0.302991	1.14726	0.712611	0.997869	0.289711	0.0839769
0.171124	0.161613	0.340585	1.1709	0.703622	0.989116	0.331012	0.0235417
0.122187	0.136713	0.338396	1.13769	0.7042	0.989667	0.328322	0.0348928
0.296511	0.194162	0.339802	1.15225	0.703707	0.989224	0.33112	0.00526942
0.229243	0.180676	0.34103	1.14809	0.703438	0.988947	0.331848	0.013891
0.663025	0.107876	0.317439	1.20123	0.708008	0.993163	0.311585	-0.0238651
0.371704	0.193847	0.337647	1.15451	0.704168	0.989661	0.329413	-0.00252512
0.977036	0.0486103	0.270628	1.20231	0.71963	1.00471	0.272876	-0.0240843
0.992846	0.0383999	0.264519	1.18327	0.721097	1.00614	0.267772	-0.0220591
0.549837	0.103693	0.327942	1.12416	0.705196	0.990302	0.320039	-0.0194412
0.569812	0.0898213	0.325911	1.12438	0.705477	0.990508	0.318117	-0.0213969
0.60752	0.0666078	0.321923	1.1362	0.706151	0.991041	0.314435	-0.0247253
0.92892	0.0830962	0.284598	1.15331	0.716303	1.00148	0.284716	-0.0251364
0.637729	0.0881252	0.319556	1.14726	0.707171	0.992216	0.312969	-0.0242963
0.585182	0.0790723	0.324331	1.13335	0.705694	0.99066	0.316607	-0.0229437
0.705754	0.135949	0.31386	1.13349	0.709319	0.994593	0.309134	-0.0230437
0.48976	0.144653	0.333026	1.12632	0.704578	0.989881	0.324895	-0.013497
0.977036	-0.0486103	0.270103	1.15598	0.720147	1.00521	0.272662	0.0242595
0.992846	-0.0383998	0.264066	1.18369	0.721504	1.00653	0.267548	0.0223001
0.955909	-0.0638257	0.276913	1.19748	0.718569	1.00369	0.278466	0.0251671
-0.0279794	-0.0116845	0.188344	1.22196	0.739237	1.02437	0.198288	-0.0234749
0.365537	-0.100294	0.3429	1.13695	0.702313	0.987308	0.33282	0.00593351
-0.0205502	-0.0325613	0.219019	1.18814	0.732838	1.01816	0.221602	-0.0568857
0.558734	0.144495	0.326991	1.18992	0.706105	0.991416	0.320015	-0.0170901
0.605673	0.0839775	0.32255	1.15833	0.706249	0.991251	0.315259	-0.0234594
0.0301445	-0.108069	0.308536	1.14289	0.712653	0.998192	0.302286	-0.0551438
1.00736	-0.0324536	0.260207	1.1361	0.722357	1.00735	0.2646	0.0159487
0.430812	0.265919	0.329906	1.17492	0.706547	0.992138	0.323732	-0.00472993
-0.0102748	-0.0460895	0.247148	1.14572	0.726682	1.01209	0.244228	-0.0714921
0.400663	-0.11784	0.339602	1.14892	0.703614	0.988738	0.330654	0.00836701
0.176394	0.243675	0.329597	1.17342	0.706887	0.992506	0.323271	0.0173913
-0.00263849	0.0565844	0.265888	1.19429	0.721801	1.00725	0.260542	0.0732148
0.334496	0.286774	0.330214	1.16397	0.706612	0.992231	0.324121	0.00222225
0.905823	-0.177544	0.295111	1.20309	0.715125	1.00055	0.295015	0.0189233
0.845189	-0.229017	0.302419	1.14935	0.713564	0.999082	0.301322	0.0176095
0.965466	0.105747	0.282629	1.20063	0.717184	1.00242	0.283762	-0.0199727
0.37628	-0.0949992	0.342157	1.31009	0.702294	0.987221	0.33203	0.00745928
-0.00195233	-0.0576619	0.268444	1.13388	0.72166	1.0071	0.26303	-0.0736294
0.387372	-0.103473	0.340997	1.14112	0.702842	0.987853	0.331364	0.00790491
0.418473	-0.136884	0.337696	1.19197	0.704532	0.989778	0.329559	0.00893473
0.299752	-0.152625	0.34445	1.18367	0.703025	0.988403	0.335061	-0.00424286
0.443906	-0.162717	0.334643	1.14618	0.705586	0.990954	0.327439	0.0094894
1.02941	2.02705e-09	0.258908	1.16727	0.723014	1.0078	0.264116	0.000323643
0.590669	0.103282	0.323851	1.13765	0.706241	0.991358	0.316704	-0.0215499
1.00736	0.0324536	0.260615	1.13581	0.722067	1.00707	0.264862	-0.0155441
0.903356	0.178689	0.296319	1.13394	0.714329	0.999736	0.295663	-0.0187788
0.827485	0.226478	0.305153	1.19022	0.712306	0.9978	0.303109	-0.0179158
0.720484	0.217896	0.313808	1.11757	0.710207	0.995701	0.310163	-0.017825
0.144495	-0.205695	0.330595	1.1435	0.707259	0.992846	0.324204	-0.0227473
0.604733	-0.246238	0.319861	1.17287	0.709488	0.995041	0.315853	0.0133825
0.670538	-0.258712	0.315242	1.15347	0.710616	0.996183	0.312077	0.0147662
0.940847	-0.136569	0.28837	1.14349	0.716504	1.00184	0.289118	0.019833
0.0174461	-0.0856893	0.297627	1.14	0.715107	1.00061	0.29106	-0.0646373
0.00771662	-0.0699966	0.285561	1.16871	0.717802	1.00327	0.278926	-0.0713407
0.755079	-0.260739	0.309506	1.17179	0.711949	0.997512	0.3073	0.0161781
0.0504451	-0.138711	0.317555	1.14438	0.710725	0.996297	0.311652	-0.0444186
0.08458	-0.170053	0.324638	1.18594	0.708863	0.994448	0.318556	-0.0341899
0.322305	-0.134758	0.344816	1.18154	0.702623	0.9879	0.335081	-0.000943592
0.340231	-0.120212	0.344445	1.12354	0.70243	0.987605	0.334524	0.00181225
0.541609	-0.22789	0.324786	1.1368	0.70828	0.993807	0.319844	0.0117643
0.221547	-0.201571	0.337542	1.13035	0.705369	0.990915	0.330004	-0.0139756
0.269751	-0.174916	0.342523	1.13364	0.70381	0.98928	0.333776	-0.00838289
0.484174	-0.196454	0.330052	1.18352	0.706926	0.992394	0.324001	0.0103677
0.354554	-0.108388	0.343724	1.14858	0.702333	0.98741	0.333692	0.00414227
-0.0276797	0.0105225	0.186622	1.17568	0.739502	1.02463	0.196851	0.0210055
-0.021053	0.0302887	0.214692	1.16653	0.733555	1.01888	0.217957	0.0544084
-0.0112986	0.045001	0.244036	1.18643	0.727122	1.01253	0.241653	0.0698108
0.0484597	0.135682	0.316741	1.14869	0.710292	0.99586	0.31035	0.0454904
0.0288075	0.10572	0.307822	1.1411	0.712371	0.997909	0.301195	0.0559894
0.00690815	0.0687074	0.282904	1.21641	0.717795	1.00327	0.27607	0.0716736
0.0164574	0.0839265	0.296062	1.1392	0.715013	1.00052	0.289279	0.0651129
0.118332	0.204826	0.327314	1.18279	0.707554	0.99316	0.320932	0.0263424
0.0781518	0.16575	0.323325	1.14233	0.708575	0.994164	0.316817	0.0361065
0.245696	0.273118	0.33039	1.14878	0.706601	0.992224	0.324148	0.00971676
0.658369	0.161518	0.318583	1.13555	0.708498	0.993862	0.313422	-0.0200471
0.534971	0.174724	0.32866	1.13702	0.706074	0.991489	0.321805	-0.0141746
0.984678	0.0814961	0.276377	1.14075	0.71856	1.00373	0.278393	-0.019385
0.998846	0.0650355	0.270596	1.13682	0.719748	1.00486	0.27341	-0.0178267
0.576818	0.121228	0.325306	1.14403	0.706179	0.991391	0.318251	-0.019443
0.631352	0.122367	0.320192	1.12416	0.707526	0.992741	0.314107	-0.0217622
0.940847	0.136569	0.289075	1.20346	0.715832	1.00115	0.289372	-0.0195914
0.617443	0.0963767	0.321562	1.1728	0.706784	0.991872	0.31476	-0.0229934
0.49879	0.216289	0.329748	1.14323	0.7062	0.991717	0.323151	-0.0102912
0.965466	-0.105747	0.2821	1.15712	0.717785	1.00304	0.283626	0.02019
0.998846	-0.0650355	0.270173	1.14952	0.720185	1.00529	0.273247	0.0180959
0.984678	-0.0814961	0.275931	1.1413	0.719085	1.00426	0.278279	0.0195968
0.406269	0.385408	0.322318	1.15875	0.708678	0.994337	0.317975	-0.00121226
0.547914	-0.323955	0.319731	1.14441	0.709658	0.99529	0.316054	0.00832307
1.03035	0.0245207	0.261309	1.16752	0.722249	1.00718	0.266027	-0.00702854
0.17297	0.348017	0.320319	1.17085	0.709255	0.994927	0.316217	0.0121059
0.18706	-0.279111	0.324574	1.11585	0.708442	0.994082	0.319712	-0.013895
0.103404	0.28995	0.318117	1.17784	0.709909	0.995576	0.314198	0.0189572
1.00317	-0.115883	0.280775	1.14943	0.718176	1.00345	0.282851	0.0155505
0.928135	-0.265276	0.298442	1.17959	0.714682	1.00024	0.298348	0.0140571
0.00821304	-0.144645	0.301894	1.19911	0.71467	1.0003	0.299326	-0.0411897
0.31128	-0.199474	0.338382	1.14186	0.704828	0.990345	0.330657	-0.00364567
-0.0111762	-0.0839646	0.277236	1.13486	0.720086	1.00565	0.275484	-0.0557448
-0.0116312	0.0824621	0.275535	1.1392	0.719932	1.0055	0.273634	0.0556762
-0.0307626	0.047316	0.239236	1.1925	0.7279	1.01342	0.242516	0.0472053
0.989679	0.150329	0.286832	1.17934	0.716619	1.00196	0.287916	-0.0154976
-0.0430387	-0.000375729	0.207308	1.21001	0.735394	1.02076	0.217863	-0.000868388
-0.0399972	-0.0277215	0.220101	1.17434	0.732435	1.01786	0.2276	-0.0311705
0.515098	0.309994	0.323878	1.12237	0.708088	0.993706	0.318955	-0.00765744
1.03035	-0.0245207	0.260918	1.17496	0.722413	1.00733	0.265711	0.00761739
-0.029566	-0.0500758	0.243413	1.15883	0.727167	1.01268	0.246048	-0.0493333
-0.0213855	-0.0628587	0.259189	1.24427	0.723953	1.0095	0.259177	-0.0561564
0.376727	-0.120173	0.341656	1.1364	0.703135	0.988293	0.332333	0.0058961
0.967603	0.19813	0.293343	1.20881	0.715365	1.00081	0.293641	-0.0150105
0.910606	0.274321	0.301259	1.10534	0.713719	0.999287	0.300487	-0.0138148
0.766103	0.320455	0.310163	1.16065	0.71144	0.997062	0.307738	-0.0131627
0.835895	-0.34646	0.305134	1.15137	0.713189	0.998817	0.304053	0.0123774
0.619488	-0.348219	0.315692	1.15189	0.7107	0.996343	0.312807	0.00971793
0.969239	-0.196294	0.292035	1.17888	0.71602	1.00148	0.292785	0.0151497
-0.00134669	-0.111145	0.292055	1.14551	0.716717	1.00232	0.289576	-0.0492176
0.710134	-0.371255	0.311204	1.18474	0.711742	0.99739	0.309095	0.0108791
0.0824412	-0.241828	0.317288	1.13135	0.710387	0.996035	0.313418	-0.0235989
0.0311326	-0.194004	0.309863	1.189	0.712438	0.998082	0.30678	-0.0322349
0.333099	-0.171549	0.34118	1.13708	0.704041	0.989478	0.332747	-0.000859308
0.405439	-0.175152	0.33666	1.19082	0.705252	0.99068	0.329252	0.00583147
0.349307	-0.149715	0.342149	1.12348	0.703576	0.988912	0.333278	0.00173258
0.391294	-0.144453	0.339817	1.11882	0.704157	0.989452	0.331414	0.00580211
0.431845	-0.218015	0.332099	1.12792	0.706498	0.99203	0.325808	0.00584947
0.273529	-0.238662	0.333451	1.16461	0.706176	0.991761	0.326856	-0.00780075
0.479144	-0.273828	0.325485	1.18	0.708224	0.993823	0.320657	0.00683068
0.361991	-0.131984	0.342434	1.16273	0.703225	0.988459	0.333218	0.00390487
-0.0396465	0.0255283	0.217549	1.1662	0.732786	1.01822	0.225414	0.0288251
-0.0219718	0.0620096	0.256848	1.19107	0.724033	1.00959	0.257076	0.0547896
0.00730188	0.141252	0.300925	1.16011	0.714343	0.999967	0.297998	0.0419679
-0.00194877	0.108753	0.291156	1.14434	0.716601	1.0022	0.288491	0.0497066
0.0552548	0.229491	0.314328	1.19653	0.710872	0.99653	0.310589	0.0267624
0.0266429	0.186921	0.308829	1.15537	0.712229	0.997877	0.305435	0.0336817
0.273135	0.390233	0.321488	1.14581	0.708898	0.994569	0.317283	0.00546191
0.582751	0.187831	0.324852	1.13609	0.707241	0.992686	0.318909	-0.0157173
1.00317	0.115883	0.281309	1.17553	0.717676	1.00293	0.283058	-0.0153367
0.605096	0.128734	0.322539	1.16	0.706977	0.992213	0.316095	-0.0204008
0.595507	0.154415	0.32384	1.19555	0.707104	0.992446	0.317647	-0.0181107
0.562643	0.23534	0.32496	1.2034	0.707542	0.993084	0.319416	-0.012622
0.989679	-0.150329	0.286082	1.14709	0.717173	1.00253	0.287539	0.0156742
1.0262	0.0497794	0.267506	1.14759	0.720597	1.00567	0.271169	-0.0111719
0.548398	-0.440222	0.315386	1.1679	0.710815	0.996493	0.312704	0.00552835
1.0262	-0.0497794	0.267109	1.15753	0.720885	1.00595	0.27093	0.0116529
-0.0187276	-0.187155	0.298239	1.1314	0.715104	1.00077	0.2973	-0.0299981
0.35258	-0.209257	0.336124	1.22145	0.705539	0.991069	0.329043	0.000223066
0.368428	-0.176729	0.338806	1.14564	0.704701	0.990148	0.330956	0.0026404
0.0176929	0.308807	0.308271	1.1523	0.712311	0.998001	0.306218	0.0189651
-0.0540541	0.044108	0.240376	1.17017	0.727552	1.01312	0.246347	0.0290464
0.34468	0.52519	0.315331	1.15446	0.710408	0.996098	0.312392	0.0015276
0.656912	0.22553	0.318646	1.20979	0.709158	0.994678	0.314264	-0.016092
1.03811	0.149434	0.285128	1.17796	0.717064	1.0024	0.28668	-0.0118205
0.52472	0.440111	0.316825	1.12425	0.709978	0.995647	0.313508	-0.00468323
1.05199	0.0114131	0.26604	1.14973	0.721335	1.0062	0.270324	-0.00204896
1.05199	-0.0114131	0.265796	1.15119	0.721401	1.00626	0.270112	0.00262492
0.950184	-0.38332	0.300585	1.17127	0.714309	0.999952	0.300413	0.010021
0.174635	0.484006	0.313772	1.13425	0.710835	0.99653	0.311083	0.00746071
0.0755539	0.394021	0.311597	1.14115	0.711432	0.997125	0.30918	0.0131585
-0.0381112	0.0830098	0.266404	1.22642	0.721688	1.0073	0.267802	0.042358
-0.0344839	0.105807	0.278224	1.14614	0.71955	1.00518	0.278787	0.0405953
-0.0600944	0.0150318	0.227992	1.19156	0.73065	1.01617	0.236745	0.0106949
-0.0604005	-0.0161488	0.228778	1.16267	0.730631	1.01615	0.237482	-0.0121195
-0.0538382	-0.0477911	0.243609	1.16664	0.727294	1.01286	0.249263	-0.0314071
-0.0409539	-0.0761033	0.261779	1.14407	0.723303	1.00891	0.264223	-0.0413914
1.02683	0.196485	0.29073	1.12628	0.716084	1.00152	0.291659	-0.0120047
0.991685	0.27556	0.297514	1.16516	0.714754	1.00032	0.297579	-0.0116133
0.799499	-0.493188	0.306451	1.13294	0.712879	0.998558	0.305306	0.00782878
1.00406	-0.263778	0.295098	1.1928	0.71555	1.00111	0.295717	0.0116626
-0.0345406	-0.107782	0.278679	1.17453	0.719724	1.00536	0.279404	-0.0403663
-0.0302978	-0.13752	0.289287	1.14956	0.717484	1.00314	0.289194	-0.0365442
0.633583	-0.482615	0.311815	1.14749	0.711673	0.997355	0.309783	0.00655019
0.00878694	-0.269413	0.305743	1.12861	0.712981	0.998663	0.303992	-0.0218643
0.384037	-0.217902	0.334579	1.1495	0.705932	0.991473	0.327835	0.00265321
0.422338	-0.27402	0.328232	1.12992	0.707478	0.993086	0.322839	0.00327209
0.33034	-0.255612	0.33135	1.10957	0.706786	0.992379	0.325366	-0.00201215
0.262149	-0.326981	0.323629	1.12346	0.708574	0.994229	0.319115	-0.00682252
0.463915	-0.366957	0.320345	1.1355	0.709452	0.995113	0.316598	0.00388031
-0.0303706	0.134409	0.287924	1.14661	0.717279	1.00293	0.287641	0.0367389
-0.0455043	0.066112	0.254931	1.14027	0.724085	1.0097	0.258121	0.0382108
-0.010701	0.242921	0.303673	1.15055	0.713395	0.999079	0.302043	0.0242525
-0.0209998	0.180168	0.296971	1.15248	0.715053	1.00072	0.295926	0.0306088
0.599899	0.311535	0.319699	1.12288	0.709179	0.994799	0.315592	-0.0103675
0.621164	0.183352	0.321875	1.18014	0.708039	0.993477	0.316497	-0.0174699
0.62528	0.152335	0.321227	1.17592	0.707723	0.993058	0.315464	-0.0195043
0.61885	0.231119	0.321366	1.14809	0.708489	0.994025	0.316521	-0.0145114
0.666451	0.303356	0.31627	1.11936	0.710022	0.995638	0.312771	-0.0122264
1.02775	-0.194788	0.289602	1.13984	0.716627	1.00208	0.290905	0.0120882
1.03811	-0.149434	0.284368	1.1646	0.717545	1.0029	0.286241	0.0120187
1.04748	-0.104712	0.278548	1.18633	0.718563	1.0038	0.281066	0.0110383
0.706289	-0.648778	0.307565	1.1708	0.712605	0.998305	0.30629	0.00437826
0.364794	-0.322518	0.324124	1.14487	0.708474	0.994123	0.319597	-0.000513121
1.02615	-0.0818501	0.274015	1.19913	0.719374	1.00454	0.276896	0.0133762
0.17455	-0.381561	0.316835	1.16898	0.71028	0.995963	0.313627	-0.00999085
0.0895663	-0.337357	0.313045	1.15646	0.711211	0.996895	0.310351	-0.0153262
0.949745	0.366567	0.301388	1.19386	0.713753	0.999397	0.300813	-0.0100775
1.07918	-2.84795e-10	0.271033	1.1371	0.720206	1.00508	0.274669	0.000204463
-0.0628046	0.304437	0.300662	1.17727	0.7141	0.9998	0.300026	0.017289
0.500961	0.622868	0.311484	1.12952	0.711326	0.997023	0.309266	-0.0015408
0.53089	-0.582188	0.311701	1.16721	0.711709	0.997406	0.309756	0.00305162
-0.0663669	0.092253	0.268123	1.17215	0.721462	1.00711	0.270984	0.030921
0.699728	0.408354	0.311887	1.13669	0.711197	0.996863	0.309439	-0.00882981
1.02615	0.0818501	0.274469	1.18949	0.718973	1.00413	0.277108	-0.0129944
0.0461385	0.525951	0.307888	1.14029	0.712304	0.998008	0.3063	0.00868216
-0.0391704	0.409668	0.304523	1.16507	0.713118	0.998821	0.303393	0.0128849
1.04748	0.104712	0.279126	1.18299	0.718158	1.00339	0.281387	-0.0106947
1.05353	-0.0402599	0.268671	1.15571	0.720515	1.00553	0.272427	0.0067999
1.05353	0.0402599	0.269144	1.15841	0.72034	1.00536	0.272808	-0.00624814
0.221493	0.662171	0.309734	1.13262	0.711793	0.997497	0.30786	0.00359378
-0.0810016	0.0345406	0.246351	1.17749	0.726339	1.01195	0.253047	0.0151653
-0.0834277	-0.000330869	0.241902	1.16361	0.727542	1.01314	0.249628	-0.000453921
-0.0817068	-0.0370691	0.247807	1.16457	0.726292	1.0119	0.254436	-0.0164823
1.0836	0.185216	0.288961	1.19823	0.71655	1.00197	0.290304	-0.00913914
1.07478	0.265144	0.294663	1.17872	0.715554	1.00111	0.29537	-0.0092091
-0.0717663	-0.0730376	0.260282	1.16019	0.723181	1.00881	0.264363	-0.0280466
-0.067405	-0.0979467	0.270958	1.21435	0.721018	1.00667	0.273575	-0.0310906
-0.0667983	-0.127556	0.280521	1.17965	0.719312	1.00498	0.282313	-0.0299901
-0.070181	-0.172983	0.288979	1.17168	0.717104	1.00278	0.289748	-0.0261624
0.446696	-0.472155	0.316104	1.14401	0.710653	0.996339	0.313338	0.00197949
-0.0664045	0.124994	0.279026	1.14459	0.719239	1.0049	0.280806	0.0293721
-0.0739011	0.0644828	0.256812	1.1763	0.723821	1.00946	0.261437	0.0257346
-0.0687036	0.220218	0.294799	1.16008	0.715478	1.00117	0.294813	0.0220508
-0.0699907	0.166362	0.287419	1.15815	0.717163	1.00284	0.288224	0.0260312
0.641803	0.377654	0.315431	1.18778	0.710373	0.996033	0.31234	-0.00858902
1.07528	-0.24968	0.292728	1.14752	0.716195	1.00174	0.293873	0.00933774
1.08402	-0.183775	0.2879	1.19287	0.717009	1.00244	0.289557	0.009238
1.05675	0.0698405	0.273395	1.1538	0.719278	1.00441	0.276383	-0.00871705
-0.111632	0.141913	0.280441	1.164	0.718686	1.00437	0.282669	0.0203843
0.0816204	-0.456429	0.310111	1.14923	0.712057	0.997757	0.308283	-0.0101435
0.836196	0.442394	0.30592	1.15904	0.712544	0.998205	0.304489	-0.00913828
0.377665	-0.410499	0.319253	1.21452	0.709806	0.995485	0.315818	-3.16938e-05
0.95521	-0.548481	0.302512	1.19049	0.713906	0.999591	0.302152	0.00673961
0.907077	-0.66335	0.303947	1.17365	0.713544	0.999243	0.303359	0.00506218
-0.136167	0.376183	0.299167	1.18523	0.714378	1.00008	0.298986	0.0121055
1.0852	0.135958	0.283812	1.19008	0.717421	1.00273	0.285711	-0.00845693
1.04554	0.353421	0.298314	1.15712	0.714646	1.00028	0.298429	-0.00843842
-0.0584441	-0.230861	0.296267	1.1401	0.715246	1.00093	0.296126	-0.0219958
0.397137	-0.597304	0.312342	1.10697	0.711576	0.997277	0.310309	-0.000114179
0.556886	-0.778012	0.307561	1.10974	0.71261	0.998317	0.306319	0.00151525
0.268633	-0.434974	0.317591	1.24339	0.710223	0.995909	0.314454	-0.0049408
0.388485	0.836335	0.307295	1.16965	0.71235	0.998058	0.305867	0.000501931
1.0852	-0.135958	0.283068	1.18514	0.717789	1.00311	0.285209	0.00871288
1.05382	-0.0702146	0.272829	1.15432	0.71959	1.00472	0.275994	0.00935524
0.316772	-0.400669	0.319925	1.18448	0.709534	0.995213	0.316261	-0.00305732
-0.0118972	-0.375996	0.30556	1.20532	0.713006	0.998706	0.30428	-0.0143518
0.588745	0.541358	0.312182	1.15089	0.711163	0.996849	0.309806	-0.00441658
-0.100771	0.544294	0.303101	1.19155	0.713479	0.999187	0.302391	0.00857654
1.07903	-0.0283547	0.271363	1.2427	0.719888	1.00483	0.274795	0.00322909
1.07903	0.0283547	0.2718	1.24087	0.719785	1.00474	0.275176	-0.00281094
-0.133363	0.267063	0.294364	1.16906	0.71556	1.00126	0.294856	0.0154729
-0.111247	0.0191247	0.255117	1.16343	0.724345	1.00999	0.261239	0.0053588
-0.111767	-0.0200678	0.255661	1.15985	0.724389	1.01003	0.261806	-0.00616318
1.14475	0.232411	0.292522	1.18939	0.716051	1.00156	0.293621	-0.00696227
-0.104219	-0.102461	0.272681	1.19707	0.720571	1.00624	0.275866	-0.022689
-0.107276	-0.0634934	0.263155	1.16974	0.722765	1.00842	0.267972	-0.0171505
-0.112811	-0.146969	0.281589	1.16133	0.718651	1.00433	0.283765	-0.0209504
-0.102883	0.0978063	0.270378	1.19339	0.720767	1.00644	0.27375	0.0214279
-0.121883	0.194546	0.288086	1.18067	0.716951	1.00265	0.289347	0.0183149
-0.107515	0.056641	0.260852	1.14909	0.722965	1.00862	0.265866	0.0151598
1.05478	-0.333056	0.296715	1.17429	0.715328	1.00095	0.297298	0.00888813
1.14374	-0.225223	0.291139	1.14715	0.716501	1.00201	0.292544	0.00706129
1.04525	-0.447192	0.299186	1.23144	0.714684	1.00035	0.299361	0.00758759
0.184667	-0.512408	0.312873	1.14487	0.711477	0.997175	0.310705	-0.00598661
0.0156768	0.69847	0.305623	1.1574	0.712871	0.998581	0.304533	0.00557946
1.01147	0.460786	0.300835	1.19969	0.713819	0.999481	0.300393	-0.00736063
-0.0589247	-0.309598	0.300554	1.21124	0.714065	0.999765	0.299903	-0.0171135
1.11337	-0.0143524	0.2751	1.11272	0.71905	1.00399	0.278037	0.00139203
0.778337	-0.863738	0.304501	1.15771	0.713326	0.999034	0.303786	0.00268874
0.340037	-0.504153	0.315639	1.14138	0.710832	0.996524	0.313016	-0.00177068
1.08286	-0.0591266	0.273993	1.13895	0.719288	1.00437	0.277054	0.00587637
1.14162	0.328194	0.296182	1.16765	0.715216	1.00083	0.296739	-0.00667582
-0.0422306	-0.505847	0.304735	1.16939	0.713371	0.999079	0.303917	-0.00946645
1.13952	-0.161223	0.286712	1.14075	0.717174	1.00256	0.288536	0.00651351
1.08872	0.0970113	0.278865	1.15099	0.718249	1.00345	0.281288	-0.00725757
-0.231883	0.484119	0.298934	1.15129	0.714442	1.00015	0.298936	0.00809006
0.151183	0.896725	0.30562	1.15205	0.712826	0.998536	0.304536	0.00275248
0.735046	0.557335	0.308556	1.13333	0.71201	0.997697	0.306814	-0.00559655
0.615691	0.819686	0.306874	1.18389	0.712398	0.998104	0.305477	-0.0017534
1.08751	-0.094237	0.278081	1.14925	0.718608	1.00382	0.280731	0.00754144
1.08351	0.0574423	0.274502	1.14628	0.719088	1.00416	0.277446	-0.00538824
1.11337	0.0143523	0.275364	1.11029	0.718995	1.00394	0.27827	-0.00115578
-0.21956	0.319444	0.294655	1.18104	0.715422	1.00113	0.295265	0.0106604
-0.193847	0.220321	0.289524	1.13672	0.716641	1.00235	0.290885	0.0126572
-0.117888	-0.208488	0.289289	1.16264	0.716773	1.00247	0.290422	-0.0185335
-0.147269	2.9949e-06	0.264621	1.1513	0.722147	1.00782	0.269626	-0.000261418
1.13942	0.16238	0.287742	1.13929	0.716836	1.00222	0.28934	-0.0063549
-0.150085	-0.101055	0.275269	1.12699	0.719917	1.0056	0.278623	-0.0143824
-0.147368	-0.0456942	0.267959	1.15377	0.721652	1.00733	0.272575	-0.00846216
-0.169076	0.158039	0.283029	1.15452	0.717989	1.00369	0.285212	0.0137791
-0.147948	0.0963851	0.273674	1.15884	0.720001	1.00568	0.27711	0.013362
-0.146257	0.0415509	0.266376	1.15024	0.721703	1.00738	0.271032	0.00722323
1.13917	-0.310205	0.294838	1.14812	0.715808	1.00141	0.295799	0.00708044
1.016	-0.874878	0.302175	1.16153	0.713926	0.999632	0.301894	0.00330128
0.0666974	-0.602463	0.307826	1.1746	0.712693	0.9984	0.306582	-0.00638072
0.586644	-1.03003	0.304558	1.2072	0.713332	0.999043	0.303859	0.000886544
0.6465	0.684273	0.308801	1.21325	0.711899	0.997598	0.307014	-0.00312587
1.12692	0.439261	0.298432	1.1402	0.714571	1.00023	0.298557	-0.00610026
-0.244247	0.164208	0.285851	1.1963	0.717347	1.00305	0.287809	0.00907536
0.268746	-0.611929	0.31121	1.13128	0.711887	0.997591	0.309403	-0.00295969
1.09608	-0.583041	0.300363	1.14893	0.714423	1.00011	0.300407	0.00530442
-0.192579	-0.0227475	0.273645	1.22413	0.720074	1.00577	0.277437	-0.00303239
1.20951	-0.188741	0.28996	1.14735	0.716629	1.00208	0.291477	0.00481066
1.12188	-0.413606	0.297409	1.12235	0.715126	1.00078	0.297916	0.00668768
1.2241	-0.272161	0.293581	1.14982	0.716039	1.00161	0.294729	0.00520198
0.362787	-0.788635	0.308042	1.16946	0.712533	0.998241	0.306744	-0.000801684
-0.079584	0.909017	0.303215	1.16602	0.713428	0.99914	0.302567	0.00375178
0.907618	0.607224	0.304634	1.18263	0.713055	0.998746	0.303674	-0.00569153
1.22823	0.283076	0.294672	1.16073	0.715627	1.0012	0.295538	-0.00496731
-0.105034	-0.392108	0.300396	1.1289	0.714227	0.999935	0.3001	-0.0122914
1.13328	-0.11769	0.282572	1.13777	0.717738	1.00301	0.284735	0.00577019
1.13473	0.1208	0.28342	1.17533	0.717426	1.00269	0.285377	-0.00559197
-0.197348	0.678729	0.301819	1.17661	0.713826	0.999537	0.301427	0.00588241
0.330625	1.10541	0.304578	1.14672	0.713114	0.998827	0.30372	0.000944316
0.519264	1.0624	0.304903	1.13354	0.712993	0.998705	0.303957	-0.000267995
1.12579	-0.0713023	0.278333	1.16508	0.718366	1.00349	0.280865	0.00445878
1.15513	-2.33056e-08	0.27837	1.15283	0.718395	1.00336	0.280911	1.14578e-05
1.12698	0.0718449	0.278893	1.16396	0.718146	1.00327	0.281285	-0.00423053
-0.111441	-0.281512	0.295557	1.15834	0.715222	1.00092	0.295786	-0.0159706
-0.198089	-0.0709527	0.277029	1.18348	0.719465	1.00516	0.280375	-0.00754518
-0.171241	-0.165127	0.283908	1.14334	0.717835	1.00353	0.285979	-0.0141083
-0.288056	0.248779	0.291231	1.16747	0.716198	1.00191	0.292448	0.00839762
1.21052	0.192193	0.29117	1.20009	0.71632	1.00177	0.292479	-0.00472232
-0.210445	0.109416	0.280356	1.15779	0.718547	1.00425	0.283093	0.0087023
-0.195347	0.0674806	0.275368	1.21195	0.719453	1.00515	0.278707	0.00666421
-0.191828	0.0218746	0.273095	1.15802	0.720014	1.0057	0.276847	0.00222175
1.08	0.59137	0.301423	1.17089	0.713936	0.999623	0.301115	-0.00529642
0.8698	-1.13214	0.302887	1.16915	0.713741	0.999453	0.302486	0.00167958
1.18238	0.0881678	0.282613	1.14643	0.717339	1.0025	0.284513	-0.00323133
-0.250208	-0.0199023	0.279964	1.14555	0.718697	1.0044	0.282926	-0.00177537
1.19516	-0.13103	0.285724	1.13356	0.717126	1.00245	0.287532	0.00413079
-0.170875	-0.502672	0.300857	1.15339	0.714245	0.999955	0.3007	-0.00869278
1.18057	-0.0862602	0.282075	1.14386	0.717541	1.00271	0.284108	0.00330657
0.762976	1.01871	0.304142	1.15543	0.713182	0.998892	0.30333	-0.00173705
-0.307207	0.880163	0.30101	1.17042	0.71398	0.999693	0.300764	0.0038862
0.0428103	1.15669	0.30321	1.16703	0.713463	0.999176	0.302604	0.00206528
-0.341434	0.167496	0.288745	1.1472	0.716698	1.00241	0.290366	0.00550707
-0.326209	0.35429	0.294906	1.13886	0.715382	1.00109	0.29559	0.00732315
-0.203421	-0.132784	0.281705	1.23773	0.718369	1.00407	0.284276	-0.0104311
1.23494	0.395883	0.29691	1.16189	0.715009	1.00065	0.297366	-0.00480881
-0.0876113	-0.666723	0.303766	1.15558	0.713643	0.999354	0.303234	-0.00616686
1.21894	-0.773658	0.300555	1.13415	0.714399	1.0001	0.300615	0.00341043
-0.35724	0.606734	0.299289	1.14272	0.714411	1.00012	0.299326	0.00558718
1.22558	-0.378865	0.296134	1.18065	0.715443	1.00108	0.296889	0.00518217
1.30259	-0.215446	0.292656	1.14848	0.716106	1.00161	0.293855	0.00341555
-0.184617	-0.244346	0.290588	1.15438	0.716387	1.00209	0.291761	-0.0130509
1.19663	0.134872	0.286645	1.13247	0.716864	1.00218	0.288278	-0.00405965
0.831257	0.718798	0.305594	1.19284	0.712818	0.99852	0.304491	-0.00380782
0.487516	1.35837	0.303317	1.22797	0.713437	0.999151	0.302699	0.000218522
1.30615	0.220728	0.29366	1.19534	0.715843	1.00135	0.294679	-0.00329622
-0.255687	0.0539472	0.280348	1.19052	0.718503	1.0042	0.28317	0.00326875
-0.286781	0.100147	0.284355	1.18777	0.717665	1.00337	0.286619	0.00505134
1.01339	0.762789	0.303124	1.2794	0.713417	0.99912	0.302465	-0.00380251
1.27657	0.145844	0.289327	1.19346	0.716386	1.00173	0.290667	-0.00284158
-0.234133	1.13911	0.30172	1.14589	0.713848	0.999562	0.301391	0.00265007
0.630166	-1.35301	0.302898	1.19919	0.713746	0.999459	0.302505	0.000459334
1.21111	-0.507807	0.298092	1.20085	0.714894	1.00057	0.298476	0.00477468
1.15864	0.0405948	0.279475	1.18629	0.718015	1.00305	0.281784	-0.00187255
-0.266618	-0.0938337	0.283058	1.19375	0.718086	1.00379	0.285584	-0.00576606
1.25277	0.0922142	0.285194	1.1463	0.716788	1.00196	0.286747	-0.0021686
0.346628	-1.02811	0.304921	1.14634	0.713271	0.998983	0.304178	-0.000624379
1.17963	-1.06674	0.301339	1.17561	0.714116	0.999827	0.301207	0.00223342
0.240665	1.43383	0.302752	1.153	0.713587	0.999301	0.302243	0.000912337
1.2883	-0.594051	0.298812	1.17984	0.714757	1.00044	0.299118	0.00373189
0.108236	-0.778562	0.306098	1.14251	0.713048	0.998758	0.305168	-0.00351596
0.984356	0.911384	0.302979	1.13628	0.713454	0.999163	0.302361	-0.00268528
1.22757	0.542822	0.299418	1.14584	0.714504	1.00018	0.299532	-0.00438468
-0.381198	0.0793775	0.287821	1.16673	0.716927	1.00264	0.289637	0.00238183
1.27449	-0.141948	0.288464	1.19276	0.716597	1.00195	0.289947	0.00281503
1.15735	-0.0400764	0.27901	1.18548	0.718124	1.00315	0.281386	0.00194942
1.25008	-0.0883617	0.28476	1.17833	0.716942	1.00212	0.286417	0.00208668
1.32626	-0.324844	0.29529	1.15543	0.715628	1.00124	0.296186	0.0037541
-0.403306	0.264347	0.292607	1.14978	0.715886	1.0016	0.293682	0.00539343
-0.184191	-0.334128	0.295379	1.17652	0.715386	1.00109	0.295926	-0.0116996
-0.225415	-0.395307	0.296739	1.14329	0.715126	1.00084	0.297181	-0.00960839
-0.258669	-0.650388	0.3008	1.13115	0.714292	1	0.300747	-0.00585159
-0.383535	0.495119	0.297512	1.18058	0.714783	1.0005	0.297805	0.00605699
1.33562	0.33272	0.295944	1.15692	0.715309	1.00092	0.29662	-0.00347808
-0.234388	-0.195776	0.28708	1.17085	0.717144	1.00285	0.288878	-0.00995071
0.686518	1.29378	0.303272	1.14086	0.713435	0.999148	0.302652	-0.000567094
-0.328646	0.0234293	0.28459	1.18274	0.717566	1.00327	0.286831	0.000842271
-0.459372	0.161715	0.291194	1.1413	0.716183	1.00189	0.292504	0.00318006
1.00197	1.22007	0.302432	1.17925	0.713643	0.999355	0.301961	-0.00139586
1.21584	0.0273027	0.282258	1.1594	0.717322	1.00235	0.284121	-0.000959685
1.0305	-1.42828	0.301725	1.17062	0.714005	0.999718	0.30152	0.00109175
0.576198	1.68139	0.302222	1.15276	0.713735	0.999449	0.301823	0.000102435
0.0711334	-1.05265	0.303664	1.16868	0.713595	0.999308	0.303152	-0.00227006
1.37597	-0.145262	0.290643	1.17324	0.716063	1.00141	0.291771	0.00184036
-0.506614	1.07622	0.300313	1.14731	0.714205	0.999918	0.300242	0.00266813
1.33686	-0.0811919	0.286907	1.13795	0.71638	1.00153	0.288188	0.00124313
-0.326472	-0.168823	0.287901	1.18229	0.716953	1.00266	0.28968	-0.00612529
-0.136853	-0.859823	0.302836	1.18129	0.713817	0.999529	0.302468	-0.00406175
1.3793	0.148554	0.29122	1.19299	0.715907	1.00125	0.29224	-0.00189846
1.41806	-0.94954	0.30016	1.13225	0.714426	1.00013	0.300251	0.00219742
1.42375	-0.749553	0.29964	1.15881	0.714657	1.00036	0.299892	0.00264297
1.33866	-0.458482	0.29703	1.16812	0.715178	1.00084	0.297627	0.00372596
1.20203	0.726032	0.300968	1.10964	0.714049	0.999749	0.300772	-0.0034731
-0.530572	0.588664	0.297893	1.14747	0.714743	1.00046	0.298191	0.00414159
1.34041	0.0854098	0.287182	1.13677	0.716283	1.00144	0.288397	-0.00140641
0.464725	-1.26795	0.303581	1.1706	0.713608	0.999321	0.303087	-6.59671e-05
-0.110403	1.4564	0.30182	1.14749	0.713836	0.99955	0.30149	0.00161524
1.42991	0.248042	0.295235	1.14792	0.71547	1.00101	0.296014	-0.00221305
1.35771	0.473584	0.298005	1.16023	0.714868	1.00053	0.298388	-0.00342374
1.42295	-0.246666	0.294688	1.15517	0.715658	1.0012	0.295598	0.00236462
1.21451	-0.0274125	0.282054	1.16187	0.717371	1.00239	0.283948	0.00082507
-0.305874	-0.503714	0.298196	1.181	0.714801	1.00051	0.298481	-0.007041
-0.459631	0.390643	0.295529	1.16516	0.715257	1.00097	0.296177	0.00491967
-0.269107	-0.284201	0.292107	1.13277	0.716045	1.00175	0.293195	-0.0092211
-0.421957	-0.0115627	0.288451	1.14674	0.716802	1.00251	0.290194	-0.000364545
-0.32982	-0.0410182	0.28534	1.14297	0.717484	1.00319	0.287525	-0.00213278
-0.512976	0.798863	0.29932	1.14517	0.714395	1.00011	0.299378	0.00348302
1.39045	-1.29917	0.300729	1.13363	0.714257	0.99997	0.300704	0.00144629
0.762525	-1.75131	0.301738	1.16445	0.713984	0.999698	0.301519	0.000274857
0.210934	-1.26716	0.303182	1.13765	0.713724	0.999438	0.302771	-0.00102347
1.29153	0.00846353	0.284671	1.1377	0.716695	1.00174	0.286127	-0.000199021
1.44395	-0.0597808	0.288485	1.14342	0.715854	1.00098	0.2894	0.00062324
0.0890573	1.81734	0.301649	1.15519	0.713901	0.999615	0.30137	0.000844204
1.45984	-0.382755	0.296558	1.16356	0.715285	1.00092	0.297234	0.00264587
1.23065	1.05217	0.301356	1.16157	0.713932	0.999642	0.301091	-0.00202785
1.44795	0.0627264	0.288639	1.13885	0.715787	1.00091	0.289508	-0.000748309
-0.500077	0.0612145	0.290869	1.14274	0.716275	1.00199	0.292256	0.00105621
-0.198253	-1.13463	0.301902	1.18741	0.713997	0.999711	0.301681	-0.00260668
-0.430852	-0.62487	3.99677e+14	3.28696e-08	1.95414e-08	2.73536e-08	0.299053	-0.0049035
-0.361957	-0.378028	0.295098	1.18736	0.715416	1.00113	0.295816	-0.00701807
0.962492	1.59022	0.30196	1.17207	0.713792	0.999506	0.301601	-0.000594651
-0.441252	1.39543	0.300816	1.15391	0.714097	0.999811	0.300673	0.00191423
1.37166	0.651037	0.299554	1.1478	0.714453	1.00015	0.299653	-0.00295094
-0.360954	-0.850025	0.300785	1.17901	0.714283	0.999996	0.300757	-0.00391886
1.47568	0.385156	0.29718	1.1812	0.715077	1.00071	0.29771	-0.00241525
1.64837	-0.856017	0.29952	1.15419	0.714594	1.0003	0.299734	0.00173265
1.46166	-0.581312	0.298208	1.1527	0.714922	1.0006	0.29864	0.00278486
1.51168	0.143829	0.292386	1.17222	0.715525	1.00085	0.293139	-0.0011916
1.5076	-0.145865	0.292203	1.1495	0.715629	1.00096	0.293033	0.0011675
-0.547484	0.273725	0.294028	1.16288	0.715586	1.0013	0.294926	0.00339443
-0.387529	-0.271129	0.292328	1.14446	0.715998	1.00171	0.293468	-0.00600986
1.633	-1.14852	0.300007	1.13324	0.714433	1.00014	0.30011	0.00139543
1.25239	-1.75458	0.301019	1.17251	0.714166	0.999879	0.300931	0.000720489
1.39294	0.00154633	0.287084	1.20199	0.716039	1.00109	0.288102	-0.000105759
-0.345356	1.80518	0.300975	1.16812	0.714074	0.999788	0.300819	0.00126374
0.453093	2.18101	0.301381	1.15118	0.713974	0.999688	0.301155	0.000346284
0.857797	2.0106	0.215936	1.37057	0.843584	1.18118	0.30123	-8.78932e-05
1.36466	0.864527	0.300417	1.19466	0.714186	0.999893	0.300333	-0.00237707
-0.735189	0.71163	0.298161	1.14717	0.714682	1.0004	0.298433	0.0026867
-0.761035	0.943304	0.299157	1.1375	0.714489	1.0002	0.299293	0.00233091
0.33691	-1.56258	0.302372	1.20171	0.713864	0.999578	0.302066	-0.00038341
-0.426215	-0.14071	0.289756	1.17256	0.716559	1.00227	0.291318	-0.00330509
1.28849	1.40069	0.231833	1.31789	0.814011	1.13977	0.301126	-0.00110015
1.57383	-0.281447	0.296141	1.1388	0.715313	1.00088	0.296825	0.00162668
-0.59907	0.159802	0.265746	1.21883	0.751985	1.05216	0.29436	0.00185179
-0.795129	1.30159	0.299856	1.17397	0.714346	1.00006	0.299893	0.00180544
-0.541218	-0.0612629	0.264911	1.20669	0.751267	1.05098	0.292828	-0.00110923
-0.628478	0.426049	0.296263	1.11771	0.715121	1.00083	0.296839	0.0032597
-0.499712	-0.354473	0.294867	1.13814	0.715476	1.00119	0.295673	-0.00463391
1.52172	0.553016	0.298623	1.15886	0.714723	1.0004	0.298916	-0.00230773
1.58413	0.276686	0.29645	1.1492	0.715195	1.00075	0.297046	-0.00153167
-0.0892499	-1.30998	0.302096	1.23627	0.713971	0.999685	0.301862	-0.00178895
-0.462443	-0.498222	0.296824	1.13384	0.715035	1.00075	0.297312	-0.005172
-0.589474	-0.79754	0.299321	1.15381	0.714595	1.00031	0.299524	-0.00332594
-0.494207	-1.11501	0.300497	1.15745	0.71431	1.00002	0.300503	-0.00256593
1.6312	-0.480472	0.297742	1.15732	0.714985	1.00064	0.298219	0.00186996
1.57815	-0.00778821	0.289942	1.134	0.715478	1.00061	0.290603	3.64786e-05
1.00445	-2.20331	0.301024	1.15451	0.714157	0.999871	0.30093	0.000197286
1.68638	-1.50505	0.300362	1.22386	0.714335	1.00005	0.300396	0.000943505
0.853562	2.56629	0.301019	1.14521	0.714076	0.99979	0.300867	0.000122845
0.394534	-2.00691	0.30147	1.14586	0.714057	0.999771	0.301304	-0.000303762
-0.398872	-1.3809	0.301034	1.19211	0.714199	0.999913	0.300966	-0.00190746
-0.0971512	2.2905	0.300972	1.15585	0.714089	0.999803	0.300829	0.00072113
1.65651	0.436162	0.298104	1.14438	0.714865	1.00051	0.298494	-0.00158304
1.49928	1.10234	0.300559	1.12864	0.714143	0.999852	0.30045	-0.00154253
1.92915	-1.01742	0.299543	1.14396	0.714543	1.00025	0.299724	0.00111888
-0.649126	0.027237	0.293288	1.14876	0.715786	1.0015	0.294344	0.00020405
-1.01318	0.797895	0.298371	1.14866	0.714682	1.0004	0.29865	0.00172918
1.64775	-0.701234	0.299094	1.15977	0.714727	1.00042	0.299399	0.00191773
1.56247	0.764969	0.299581	1.17308	0.714438	1.00014	0.29968	-0.00195963
1.68108	0.137633	0.293433	1.18133	0.715208	1.00051	0.293962	-0.000800065
-1.10446	1.09139	0.299109	1.14353	0.714534	1.00025	0.299284	0.00150734
1.30344	1.85406	0.301186	1.16292	0.714008	0.999722	0.300985	-0.00049608
-0.736444	1.69347	0.300272	1.13939	0.714255	0.999969	0.300246	0.00137059
-0.639829	-0.467506	0.296477	1.19338	0.715074	1.00079	0.297017	-0.0035412
-0.727747	0.276882	0.295389	1.12415	0.715304	1.00102	0.296104	0.00206773
-0.530382	-0.224142	0.29298	1.15137	0.715883	1.00159	0.294084	-0.00336281
0.0435215	-1.57568	0.301848	1.11363	0.714002	0.999716	0.30164	-0.00106162
-0.619945	-0.604773	0.29776	1.1296	0.714859	1.00057	0.298147	-0.0036647
-0.795464	-1.03238	0.299489	1.15186	0.714535	1.00025	0.29966	-0.0022095
1.67569	-0.146067	0.293437	1.15571	0.715278	1.00062	0.294024	0.000792764
1.77744	-0.330542	0.297295	1.16064	0.715029	1.00063	0.297789	0.00109945
1.91653	-1.38895	0.300018	1.14442	0.714407	1.00012	0.300103	0.000899138
0.271039	2.78671	0.300821	1.17076	0.714132	0.999846	0.30071	0.000384879
1.23451	2.37045	0.300986	1.15867	0.714077	0.999791	0.300835	-0.000132233
1.85729	-0.564099	0.298671	1.10247	0.714783	1.00046	0.299013	0.00125749
-1.15864	1.53277	0.299624	1.17419	0.714422	1.00014	0.299719	0.00122573
-0.671956	2.2291	0.300448	1.1489	0.714225	0.99994	0.300403	0.000933667
0.549483	-2.57097	0.300908	1.17747	0.714182	0.999896	0.300833	-0.000161004
-0.829603	-0.56507	0.297309	1.12553	0.714944	1.00066	0.297769	-0.00250705
1.65929	1.52561	0.300716	1.18821	0.714142	0.999855	0.300611	-0.000831614
-0.734774	-1.363	0.300168	1.14104	0.714394	1.00011	0.30024	-0.00180767
1.76228	-0.00639541	0.29152	1.18928	0.715132	1.00028	0.291947	7.22955e-05
1.78211	0.294998	0.297264	1.14985	0.714935	1.00048	0.297676	-0.0010546
1.60327	-2.09455	0.300576	1.14434	0.714266	0.99998	0.300561	0.000481314
-0.777692	0.151516	0.29508	1.15096	0.715407	1.00112	0.295873	0.00100648
-0.66425	-0.324419	0.295281	1.13744	0.715388	1.0011	0.296049	-0.0028627
-1.38154	0.844278	0.298571	1.18086	0.714667	1.00038	0.298842	0.00105584
1.73342	0.633156	0.299025	1.19011	0.714617	1.0003	0.299251	-0.00149155
-0.893792	0.490438	0.297115	1.11348	0.71493	1.00064	0.297569	0.00184115
-0.685186	-0.142719	0.29397	1.17263	0.71566	1.00137	0.294936	-0.00148978
-0.827721	-0.736408	0.298472	1.13712	0.714743	1.00046	0.298788	-0.00255232
1.89758	-0.143981	0.29455	1.15767	0.714958	1.0003	0.294914	0.000495937
1.3109	2.98748	0.30072	1.13325	0.71416	0.999874	0.300629	3.3179e-05
-0.413655	2.85351	0.300497	1.15277	0.714221	0.999936	0.30045	0.000593135
1.27592	-2.7604	0.300628	1.17058	0.71425	0.999964	0.300602	0.000120606
0.795161	3.29191	0.300646	1.14897	0.71418	0.999894	0.300569	0.000196177
1.75165	2.08818	0.300707	1.16821	0.714149	0.999863	0.300608	-0.000388493
-0.935121	0.286866	0.296443	1.18526	0.715092	1.00081	0.297015	0.00116747
1.88544	0.480908	0.298725	1.13888	0.714713	1.00037	0.299012	-0.00107452
-0.0034595	-2.41955	0.300827	1.13413	0.714221	0.999935	0.30078	-0.000492177
1.97036	-1.78186	0.300242	1.18389	0.714348	1.00006	0.300286	0.000627047
2.28324	-1.21543	0.299737	1.15975	0.71446	1.00017	0.29986	0.00071351
-0.858241	-0.254715	0.295839	1.14655	0.715272	1.00099	0.296536	-0.00151791
1.79779	0.893394	0.299672	1.15703	0.714404	1.00011	0.299752	-0.00125301
-1.14572	2.02989	0.299961	1.13913	0.714352	1.00007	0.300007	0.000963623
-0.101718	-2.05238	0.30105	1.18781	0.714173	0.999887	0.300968	-0.000782652
-0.457111	-1.77618	0.300779	1.16315	0.714237	0.999951	0.300741	-0.00127146
-1.07795	-0.653478	0.298071	1.18873	0.714817	1.00053	0.298446	-0.00171838
2.03432	-0.365836	0.297928	1.12939	0.714809	1.0004	0.298264	0.000770897
-1.10028	-1.25921	0.299505	1.15755	0.714534	1.00025	0.29968	-0.00152309
1.93607	0.103893	0.294167	1.13367	0.714881	1.00016	0.294459	-0.000484441
1.87949	1.20049	0.300143	1.18271	0.714283	0.999994	0.300139	-0.000962659
-1.5201	1.26178	0.299149	1.1562	0.714546	1.00026	0.299334	0.000976826
2.17437	-0.746192	0.299248	1.16929	0.714627	1.00032	0.299485	0.000819936
-1.22371	0.528811	0.297801	1.23952	0.714802	1.00052	0.298168	0.00107466
-0.836263	-0.0296284	0.295116	1.17396	0.715417	1.00113	0.295918	-0.000309113
-1.10141	-0.915981	0.298858	1.15191	0.714663	1.00038	0.299124	-0.00168991
0.755808	-3.26734	0.300547	1.15514	0.714261	0.999976	0.30053	-0.000108929
1.42738	3.77389	0.300488	1.16812	0.714224	0.999938	0.300444	9.99883e-05
-1.41717	-0.75546	0.298543	1.17509	0.714723	1.00044	0.298854	-0.00115647
0.119403	-3.0562	0.3006	1.21046	0.714257	0.999971	0.300579	-0.000313947
-1.0667	-0.120744	0.296515	1.14912	0.715113	1.00083	0.297103	-0.000555733
2.59446	-0.895974	0.29957	1.1522	0.714512	1.00021	0.299727	0.000488095
2.10923	1.65771	0.300376	1.16824	0.71425	0.999964	0.30035	-0.000570368
-1.85354	0.919368	0.298816	1.14916	0.714628	1.00034	0.29906	0.00065866
-1.1095	2.7087	0.300128	1.14639	0.714318	1.00003	0.300151	0.000682582
2.28189	-1.68683	0.300027	1.1435	0.714384	1.0001	0.300097	0.000557711
-1.63865	1.78715	0.299537	1.17161	0.714463	1.00018	0.299663	0.000830349
-0.976442	-1.73617	0.300066	1.12918	0.714401	1.00012	0.300146	-0.00122458
1.79801	2.66229	0.300645	1.1431	0.714176	0.99989	0.300566	-0.000147416
0.0138068	3.53605	0.300453	1.16756	0.714234	0.999948	0.300415	0.000357328
2.0056	0.718355	0.299276	1.14363	0.714543	1.00024	0.299453	-0.000944287
2.03602	0.30939	0.297756	1.13608	0.714768	1.00031	0.298049	-0.000735894
2.0329	-2.50241	0.300403	1.20743	0.714303	1.00002	0.300416	0.000282595
-0.557586	-2.32834	0.300486	1.13118	0.714285	1	0.300484	-0.000818995
-1.47538	-1.08884	0.29908	1.14945	0.71462	1.00033	0.299317	-0.00116247
2.1434	0.965855	0.299677	1.14333	0.714418	1.00012	0.299769	-0.000793589
-1.62062	0.527446	0.29821	1.13894	0.714748	1.00046	0.29854	0.000549544
-1.0052	0.125037	0.296387	1.19344	0.715138	1.00085	0.296993	0.000370189
2.16737	-0.0897053	0.29487	1.1237	0.714731	1.00004	0.295065	0.00022515
2.39348	-0.449551	0.298529	1.14353	0.714639	1.00025	0.298749	0.000602808
0.626768	4.20244	0.300379	1.15458	0.714251	0.999966	0.300354	0.000209546
-1.35613	0.132868	0.297556	1.12452	0.714901	1.00062	0.297995	8.99154e-05
2.21762	0.0940154	0.294992	1.16945	0.714745	1.00004	0.295192	-0.000435166
2.25969	1.36239	0.300073	1.18215	0.714325	1.00004	0.3001	-0.000618818
-1.68685	2.41397	0.299793	1.13876	0.714407	1.00012	0.299879	0.000666165
0.205684	-3.86082	0.300382	1.14891	0.714297	1.00001	0.30039	-0.000221166
-0.375428	-2.95051	0.300476	1.20763	0.714289	1	0.300478	-0.000509871
2.2644	-2.1876	0.300245	1.18292	0.714334	1.00005	0.300279	0.000390135
-1.06566	-0.382001	0.297107	1.16984	0.714976	1.00069	0.297597	-0.00129892
-1.85679	-0.850471	0.298859	1.14779	0.714664	1.00038	0.29913	-0.000782168
-0.867037	3.52957	0.300199	1.15469	0.714303	1.00002	0.300211	0.00046146
-2.06557	1.42485	0.299233	1.14665	0.714542	1.00026	0.299417	0.000620921
2.33004	2.2646	0.300423	1.15715	0.714235	0.99995	0.300387	-0.000291498
-1.20142	0.306097	0.297345	1.16872	0.714913	1.00063	0.297792	0.000739249
-1.33884	-0.400835	0.297739	1.13003	0.714862	1.00058	0.29815	-0.000847658
1.68466	-3.38352	0.300401	1.15525	0.714292	1.00001	0.300405	6.74276e-05
1.93832	3.39988	0.300501	1.17555	0.714222	0.999936	0.300455	-1.01375e-05
2.75422	-1.41117	0.299828	1.15664	0.714422	1.00013	0.299925	0.000421569
2.17598	0.524077	0.299103	1.19719	0.714609	1.00027	0.299319	-0.00061593
2.55786	-0.0953012	0.2965	1.12682	0.714574	0.999958	0.296607	0.000121865
-1.19207	-2.33292	0.300014	1.17717	0.714395	1.00011	0.300092	-0.000815974
-1.46397	-1.58554	0.299581	1.18777	0.714507	1.00022	0.299739	-0.00103837
2.35536	0.685728	0.299395	1.1587	0.714527	1.00021	0.29956	-0.000551584
-2.1205	0.495543	0.298667	1.14671	0.714672	1.00039	0.298944	0.000279075
2.85333	-0.510976	0.298858	1.15274	0.714537	1.00015	0.299007	0.000355913
-1.69116	-0.145116	0.29803	1.16348	0.714789	1.0005	0.298389	-0.000292632
1.09634	-4.12873	0.300343	1.15319	0.714302	1.00002	0.300354	-7.9225e-05
2.19708	4.2894	0.30036	1.1301	0.71426	0.999974	0.300341	4.9257e-05
-2.44834	0.97508	0.299045	1.1495	0.71459	1.0003	0.299263	0.000362501
-1.71708	3.2636	0.29994	1.14631	0.714373	1.00009	0.300002	0.000487602
1.46593	4.80802	0.300307	1.14612	0.71427	0.999984	0.300295	0.000120115
-1.84367	0.0902408	0.298278	1.13104	0.71475	1.00046	0.298611	3.42384e-05
2.78941	-2.01394	0.30004	1.16602	0.714371	1.00008	0.300101	0.000338122
-1.73984	-0.498228	0.298412	1.21254	0.714737	1.00045	0.298734	-0.000675625
-2.26188	2.05968	0.29952	1.17283	0.714479	1.00019	0.299659	0.000544897
-0.378155	4.42415	0.300211	1.16502	0.714297	1.00001	0.300219	0.000301025
3.05465	-0.0550222	0.29757	1.1445	0.71449	0.999938	0.297637	2.03257e-05
2.41863	0.308077	0.297878	1.12472	0.714591	1.0001	0.298036	-0.00047481
2.5036	2.9445	0.300424	1.15698	0.714242	0.999956	0.300393	-0.000122306
2.56931	1.05355	0.299789	1.14932	0.714405	1.00011	0.299873	-0.000468975
-0.9569	-2.87241	0.300206	1.19284	0.714356	1.00007	0.300256	-0.000598561
-1.93491	-1.36058	0.299287	1.15635	0.714566	1.00028	0.299487	-0.000792646
3.12788	-0.98777	0.299727	1.14737	0.714453	1.00015	0.299842	0.000271277
2.52269	-3.20536	0.300273	1.20406	0.71432	1.00003	0.300298	0.000138843
-2.41278	2.83598	0.299715	1.13888	0.714433	1.00015	0.29982	0.000447998
-1.48568	4.32141	0.30002	1.16983	0.71435	1.00006	0.300066	0.000346772
2.08024	-4.30065	0.300269	1.16358	0.714313	1.00003	0.300289	1.45704e-05
-2.42494	-1.02451	0.299132	1.15146	0.714595	1.00031	0.299353	-0.000513409
-2.75899	0.410858	0.298979	1.15682	0.714614	1.00033	0.299214	9.19446e-05
2.72629	-2.70356	0.300204	1.17628	0.714339	1.00005	0.300242	0.00023233
-2.75842	1.58045	0.299341	1.18029	0.714528	1.00024	0.299515	0.000380422
3.06673	2.43864	0.300261	1.16577	0.714288	1	0.300263	-0.000186042
-1.89987	-2.06082	0.299664	1.17091	0.714477	1.00019	0.299801	-0.000704254
0.38685	5.34469	0.3002	1.1601	0.714297	1.00001	0.300208	0.000187033
2.84915	0.230961	0.297521	1.2034	0.714467	0.999911	0.29757	-0.000409911
-0.763142	-3.63347	0.300244	1.12944	0.714338	1.00005	0.300281	-0.000388041
3.36724	-1.62783	0.299917	1.17111	0.714394	1.00011	0.299994	0.000233357
0.38244	-4.88762	0.300239	1.15684	0.714321	1.00004	0.300264	-0.000154296
-2.38662	0.0165963	inf	1.29444e-28	7.70369e-29	1.07835e-28	0.299011	-6.09083e-05
2.73647	3.81211	0.300353	1.13121	0.714265	0.999979	0.300338	-2.42539e-05
2.467	5.44463	0.10674	1.99196	1.19796	1.67715	0.30024	6.64268e-05
-2.195	-0.394718	0.298684	1.15046	0.714679	1.00039	0.298966	-0.000354141
3.42301	-0.489211	0.298945	1.14619	0.714464	1.00006	0.299037	0.000195966
2.81557	0.664167	0.299411	1.17104	0.714463	1.00012	0.29952	-0.000445838
2.74382	1.53813	0.300101	1.18353	0.714325	1.00004	0.300129	-0.00036519
-1.68458	-2.86861	0.299938	1.15264	0.71441	1.00012	0.300027	-0.000574534
-3.20573	0.988806	0.299235	1.14923	0.714555	1.00027	0.299428	0.000193252
3.16319	-4.1011	0.300194	1.18927	0.714327	1.00004	0.300224	6.40419e-05
-0.942545	5.52081	0.300061	1.15739	0.714336	1.00005	0.300097	0.000236848
3.36837	3.22089	0.300293	1.14358	0.714284	0.999998	0.300292	-9.19179e-05
3.45604	-2.40378	0.300069	1.15051	0.71436	1.00007	0.300122	0.000195138
1.44759	-5.20586	0.300226	1.15142	0.714319	1.00003	0.300249	-6.56311e-05
-2.53231	-1.71881	0.299455	1.17146	0.714523	1.00024	0.299625	-0.000534392
-3.07912	2.33437	0.299546	1.14388	0.714479	1.00019	0.299685	0.000345275
1.36572	6.16487	0.300166	1.15074	0.714302	1.00002	0.300178	0.00011788
-2.52406	3.90214	0.299843	1.18181	0.714399	1.00011	0.299924	0.000340679
3.81429	-1.06663	0.299792	1.14667	0.714413	1.00011	0.299876	0.000153203
3.10924	1.12135	0.299826	1.15057	0.714387	1.00008	0.299893	-0.000290963
-2.49859	-2.65297	0.299727	1.15918	0.714458	1.00017	0.29985	-0.00048838
-0.559352	-4.57776	0.300193	1.14697	0.714337	1.00005	0.30023	-0.000263613
-2.87771	-0.39563	0.299061	1.13158	0.714603	1.00032	0.299288	-0.00020623
3.15188	4.825	0.300265	1.19231	0.714285	1	0.300265	1.84372e-05
3.32853	0.428785	0.298647	1.18806	0.714415	0.999964	0.29869	-0.000375086
3.65416	0.0802389	0.298378	1.17203	0.714408	0.999915	0.298403	-0.000107765
3.50947	1.77173	0.300072	1.15615	0.714335	1.00004	0.300106	-0.000185911
-3.18247	-1.18698	0.299339	1.16795	0.714544	1.00026	0.299525	-0.000334467
-1.65764	-4.09652	0.300044	1.19408	0.714374	1.00009	0.300107	-0.000373105
3.88185	0.854504	0.299439	1.13073	0.71437	1.00001	0.299476	-0.000258809
-2.34616	5.26953	0.299925	1.15593	0.714374	1.00009	0.299988	0.000254407
2.67782	6.96905	0.300133	1.15096	0.71431	1.00002	0.300151	6.14792e-05
0.577552	-6.17625	0.300149	1.16836	0.714332	1.00005	0.300182	-0.000108574
3.4779	-3.222	0.300159	1.15597	0.714338	1.00005	0.300197	0.000128706
-3.65195	1.70242	0.299446	1.17785	0.714507	1.00022	0.299605	0.000219196
-3.35597	3.29587	0.299697	1.1878	0.71444	1.00015	0.299808	0.000292683
4.1604	-1.8638	0.300006	1.15672	0.714369	1.00008	0.300065	0.000120533
4.14875	-0.426528	0.299085	1.16732	0.714408	0.999996	0.299135	6.78687e-05
-3.53927	0.179501	0.299224	1.15164	0.71456	1.00027	0.299421	-1.44335e-05
3.68209	6.09935	0.300184	1.13308	0.714302	1.00002	0.300195	2.76349e-05
2.74886	-5.32866	0.300183	1.17192	0.714323	1.00004	0.30021	-3.36727e-06
-0.0440989	6.74652	0.300079	1.1574	0.714325	1.00004	0.300107	0.000158842
3.72369	4.23395	0.300259	1.15675	0.714291	1.00001	0.300263	-3.18625e-05
-2.30595	-3.57001	0.299908	1.19112	0.714411	1.00013	0.299998	-0.000407741
-3.32083	-2.21496	0.299583	1.15846	0.714488	1.0002	0.299728	-0.000357468
-0.435985	-5.78898	0.300127	1.15009	0.714341	1.00006	0.300167	-0.000178321
3.95114	2.53392	0.300196	1.15114	0.714311	1.00002	0.300214	-0.000117419
-0.426828	-7.28493	0.300071	1.14435	0.71434	1.00005	0.30011	-0.000116455
-3.73174	-0.604915	0.299346	1.18047	0.71454	1.00025	0.299529	-0.000165846
-3.61717	4.62916	0.299806	1.15265	0.714408	1.00012	0.299894	0.000230455
4.08667	-5.09649	0.300142	1.14158	0.714329	1.00004	0.300173	3.07536e-05
1.97804	-6.54862	0.300144	1.15566	0.714325	1.00004	0.300172	-5.29545e-05
4.69188	-1.1234	0.299823	1.17635	0.714381	1.00006	0.299883	8.00275e-05
-3.33131	-3.27411	0.299766	1.18221	0.714442	1.00016	0.299879	-0.000331372
-1.75888	6.84772	0.299981	1.13152	0.714355	1.00007	0.30003	0.000177887
1.23084	7.86494	0.300084	1.14646	0.714317	1.00003	0.300106	9.56606e-05
4.25271	7.77295	0.300112	1.18551	0.714319	1.00003	0.300136	1.65044e-05
-1.63051	-5.31601	0.300047	1.1739	0.714362	1.00008	0.300102	-0.000243291
-4.16278	0.896968	0.299398	1.1814	0.714519	1.00023	0.299566	7.81163e-05
4.42252	0.293958	0.298933	1.1472	0.714363	0.999921	0.298942	-0.000158515
4.40455	1.67467	0.300022	1.19731	0.714349	1.00006	0.300065	-0.000141597
-2.63979	-4.64347	0.299934	1.17764	0.714393	1.00011	0.300011	-0.000282438
4.34337	-2.8074	0.300088	1.16661	0.714349	1.00006	0.300133	0.000107537
-4.13349	2.60287	0.2996	1.17414	0.714467	1.00018	0.29973	0.000208708
4.29638	-4.01089	0.300134	1.16788	0.714335	1.00005	0.30017	6.95909e-05
4.29773	5.36141	0.300196	1.24229	0.714303	1.00002	0.300208	-6.14481e-06
-4.13937	-1.58149	0.299511	1.17162	0.714499	1.00021	0.299664	-0.000228999
4.4397	3.4492	0.300233	1.16671	0.714303	1.00002	0.300245	-6.60714e-05
-3.52538	6.38537	0.299885	1.14202	0.714385	1.0001	0.299956	0.000187633
-0.659529	8.49107	0.300015	1.16839	0.714348	1.00006	0.30006	0.000142328
5.04934	2.53158	0.300168	1.15861	0.714322	1.00004	0.300194	-6.91247e-05
2.67963	8.78032	0.300066	1.21086	0.714335	1.00005	0.300102	5.51054e-05
-2.85954	-6.06683	0.299959	1.17991	0.714374	1.00009	0.300022	-0.000193207
1.04938	-7.77674	0.300082	1.12203	0.714333	1.00005	0.300116	-7.30076e-05
-4.79561	1.75197	0.299548	1.18651	0.714482	1.0002	0.299689	0.000111639
4.7157	1.11777	0.299664	1.20454	0.714341	0.999998	0.299686	-0.000218406
-4.05662	-4.49968	0.299828	1.14423	0.714413	1.00013	0.29992	-0.000217066
-4.60412	3.7761	0.299715	1.13712	0.714434	1.00015	0.299822	0.000181332
5.48834	-4.8042	0.300107	1.19162	0.714332	1.00005	0.30014	4.10158e-05
5.06357	6.6261	0.300146	1.13695	0.714314	1.00003	0.300166	-1.0153e-05
5.18323	-2.09542	0.300067	1.14159	0.714351	1.00006	0.300114	6.53334e-05
5.06995	-0.306053	0.29924	1.14019	0.714362	0.999951	0.299257	1.2855e-05
-1.68997	-6.67727	0.300032	1.13355	0.714353	1.00007	0.30008	-0.000166203
-4.36029	-2.71986	0.299673	1.18545	0.71446	1.00017	0.299798	-0.000241749
3.60221	-6.63137	0.300117	1.1858	0.714326	1.00004	0.300146	-9.43448e-06
-4.52882	-0.0316457	0.299436	1.17305	0.714513	1.00023	0.299599	-5.3283e-05
4.97274	4.65458	0.300199	1.16838	0.714307	1.00002	0.300215	-3.24695e-05
5.45447	-3.45344	0.300104	1.1652	0.714339	1.00005	0.300143	6.02099e-05
-4.8525	-0.710459	0.29952	1.20375	0.714495	1.00021	0.29967	-0.00011692
-5.48266	2.82544	0.299663	1.17456	0.714449	1.00016	0.29978	0.000118232
-5.07491	5.43812	0.2998	1.19362	0.714409	1.00012	0.299889	0.000149422
6.92589	-4.09235	0.300097	1.1905	0.714334	1.00005	0.300132	3.05537e-05
5.18876	-6.36749	0.300101	1.21014	0.714331	1.00005	0.300133	6.12667e-06
5.38976	0.531738	0.299308	1.19184	0.714329	0.999925	0.299304	-0.000147986
-5.38231	-1.89931	0.299633	1.17901	0.714462	1.00018	0.29976	-0.000158112
-4.6692	-6.20837	0.299888	1.16121	0.714384	1.0001	0.299959	-0.000144381
5.37039	1.84892	0.299969	1.16285	0.714333	1.00003	0.299996	-0.000129192
2.76704	-8.18258	0.300082	1.17633	0.714332	1.00005	0.300115	-4.63739e-05
6.52365	-2.5338	0.300107	1.18112	0.714339	1.00005	0.300145	3.89613e-05
5.80468	-1.14095	0.299836	1.19182	0.714355	1.00003	0.299874	5.79457e-05
-3.02384	-7.80725	0.299963	1.19633	0.714362	1.00008	0.300018	-0.000125869
-1.78507	-8.4916	0.300007	1.19117	0.71435	1.00006	0.300053	-0.000112823
-5.5217	0.423359	0.299555	1.1524	0.714482	1.0002	0.299696	-1.06166e-05
5.79076	3.59582	0.300208	1.16503	0.714313	1.00003	0.300228	-5.14204e-05
-6.13437	4.30898	0.299746	1.20279	0.714426	1.00014	0.299847	0.000107234
-6.26609	1.64683	0.299638	1.18177	0.714458	1.00017	0.299762	4.52218e-05
6.21935	-0.141944	0.299433	1.18953	0.714337	0.999944	0.299438	-1.59165e-05
-5.61291	-3.5828	0.299753	1.13872	0.714429	1.00014	0.299856	-0.000156723
6.56519	5.29612	0.300169	1.21215	0.714316	1.00003	0.30019	-5.31714e-05
6.20309	2.65735	0.300122	1.13716	0.714318	1.00002	0.300142	-8.28281e-05
-5.8282	-4.82871	0.299825	1.22372	0.714403	1.00012	0.29991	-0.0001291
6.50399	1.20687	0.299689	1.15545	0.714321	0.999968	0.299694	-0.000146316
8.2612	-2.91655	0.300108	1.16267	0.714332	1.00004	0.300141	5.45379e-05
7.32691	-1.23718	0.299875	1.15698	0.714335	1.00001	0.299897	5.41229e-05
-6.28824	-0.787146	0.299641	1.15811	0.714457	1.00017	0.299764	-7.18296e-05
-7.12725	0.434352	0.29968	1.18207	0.714446	1.00016	0.299795	-1.02005e-05
9.02447	-1.07895	0.299925	1.20373	0.714315	0.999982	0.299932	7.49803e-05
-6.97569	-2.40327	0.299726	1.15407	0.714431	1.00015	0.299831	-0.000102843
7.73834	2.21938	0.299969	1.18139	0.714311	0.999991	0.299977	-0.00012177
7.70465	0.271858	0.299652	1.15954	0.714318	0.999949	0.29965	-4.4244e-05
-7.37058	2.85177	0.299715	1.16278	0.714436	1.00015	0.299823	5.26212e-05
7.3266	3.7108	0.300185	1.20531	0.71431	1.00002	0.300202	-7.97848e-05
-8.11053	-1.02545	0.29973	1.17147	0.714432	1.00015	0.299834	-4.31973e-05
9.42031	1.21624	0.299867	1.23683	0.714276	0.999922	0.299839	-9.74921e-05
225	167	147
97	35	36
223	171	163
102	32	33
948	941	26
304	183	258
948	944	941
223	163	164
947	13	14
103	30	31
947	940	13
168	96	166
942	919	939
942	932	919
945	12	940
102	33	98
945	11	12
108	27	28
948	943	944
183	96	168
948	26	1
104	32	102
944	938	941
98	33	34
944	936	931
108	28	106
947	942	939
946	943	2
941	937	25
166	96	27
941	938	937
183	165	96
940	12	13
109	30	103
945	929	11
105	38	100
942	14	15
107	35	97
940	939	927
169	118	121
948	1	943
933	911	928
937	916	24
127	123	49
937	923	916
235	109	195
936	921	918
936	934	921
935	15	16
228	162	171
942	15	932
131	66	110
934	895	921
934	928	895
352	291	348
171	162	163
110	66	67
270	194	266
236	182	211
101	36	37
113	60	61
100	39	99
211	133	137
193	97	101
138	69	135
119	117	45
118	55	56
208	174	105
202	120	201
127	49	50
122	54	120
177	130	126
199	178	114
133	61	62
252	199	175
125	48	123
99	39	40
117	44	45
203	123	127
128	119	46
418	367	319
117	115	44
116	63	64
238	182	236
268	169	196
120	55	118
154	84	153
384	332	357
129	53	122
120	54	55
304	260	183
184	153	156
186	137	116
131	65	66
137	63	116
133	113	61
212	131	185
215	139	138
146	76	145
218	140	142
142	72	141
214	135	187
135	69	70
297	184	229
152	149	81
144	74	143
158	88	157
346	288	345
150	80	149
148	78	147
154	83	84
153	84	85
149	80	81
151	82	83
145	76	77
147	78	79
231	157	192
144	141	73
3	4	904
933	904	911
932	908	919
932	901	908
946	933	928
946	928	934
945	940	930
945	930	914
929	10	11
929	915	10
939	913	927
939	919	913
944	931	938
933	2	3
926	18	19
926	925	18
925	920	17
925	897	920
944	943	936
941	25	26
936	918	931
938	931	924
922	20	21
922	898	20
943	934	936
937	24	25
920	16	17
946	2	933
919	891	913
919	908	891
921	895	885
921	900	918
917	23	903
917	22	23
916	903	23
916	912	903
915	874	893
915	902	874
929	914	902
915	893	9
940	927	930
190	160	189
947	14	942
912	887	889
912	905	887
148	77	78
928	911	892
150	79	80
938	924	923
240	188	227
935	920	901
927	883	899
909	865	876
218	142	217
909	875	865
229	156	155
935	901	932
913	891	873
926	19	872
926	872	907
918	900	884
924	905	923
938	923	937
916	23	24
933	3	904
911	890	867
922	909	876
903	889	875
902	860	874
902	888	860
901	886	878
901	897	886
900	885	854
229	155	221
928	892	895
125	47	48
206	126	129
123	48	49
299	235	195
319	258	168
100	38	39
101	97	36
126	51	52
238	173	182
122	53	54
175	117	119
378	323	377
235	106	109
194	98	107
106	28	29
104	103	31
104	31	32
105	101	37
105	37	38
195	109	103
166	27	108
107	98	34
107	34	35
198	104	170
242	168	166
109	106	29
109	29	30
139	110	67
142	140	71
111	99	40
111	40	41
112	111	41
112	41	42
173	134	113
211	182	133
114	112	42
114	42	43
115	114	43
115	43	44
136	65	131
262	192	190
119	45	46
210	112	178
134	60	113
316	236	280
128	47	125
128	46	47
201	118	169
276	206	264
121	118	56
121	56	57
201	120	118
269	176	253
254	210	178
130	51	126
124	121	57
124	57	58
179	119	128
208	100	180
197	98	194
180	100	99
172	107	97
209	125	204
174	101	105
207	130	177
129	126	52
129	52	53
130	127	50
130	50	51
136	64	65
136	116	64
132	124	58
132	58	59
330	326	270
212	136	131
134	132	59
134	59	60
138	68	69
139	67	68
241	201	169
217	142	141
137	133	62
137	62	63
291	167	239
139	68	138
313	247	285
211	137	186
140	135	70
140	70	71
142	71	72
141	72	73
191	146	145
216	139	215
144	73	74
143	74	75
187	135	140
218	187	140
146	75	76
146	143	75
232	145	148
192	157	159
148	145	77
234	166	108
155	86	87
347	248	302
150	147	79
167	148	147
228	189	161
156	85	86
152	82	151
152	81	82
289	246	220
156	86	155
156	153	85
158	87	88
230	152	188
154	151	83
192	159	190
350	297	295
222	146	191
232	148	167
158	155	87
157	88	89
227	188	151
227	151	154
159	157	89
159	89	90
160	159	90
160	90	91
161	160	91
161	91	92
162	161	92
162	92	93
163	162	93
163	93	94
164	163	94
164	94	95
165	164	95
165	95	96
194	107	172
299	195	267
189	160	161
190	159	160
234	108	233
206	177	126
196	124	176
196	121	124
170	104	102
402	379	383
290	231	263
267	195	198
197	102	98
197	170	102
176	124	132
200	134	173
193	101	174
193	172	97
255	205	245
199	114	115
288	218	287
280	211	186
178	112	114
208	105	100
209	128	125
179	175	119
274	209	204
237	175	179
278	275	174
257	180	255
206	129	181
181	129	122
182	173	113
182	113	133
260	165	183
458	445	416
258	183	168
188	152	151
185	131	110
216	110	139
213	136	212
213	186	116
214	138	135
215	138	214
240	230	188
225	147	150
260	224	165
220	217	141
354	260	304
292	251	171
287	217	246
248	222	243
221	155	158
262	190	261
277	207	177
270	250	197
276	177	206
403	387	388
328	249	309
233	108	106
278	208	257
196	169	121
327	266	265
266	172	265
198	195	103
198	103	104
199	115	117
199	117	175
200	176	132
200	132	134
202	122	120
202	181	122
244	200	173
271	201	241
204	123	203
204	125	123
252	178	199
279	179	209
205	180	99
205	99	111
332	271	310
334	257	255
207	203	127
207	127	130
245	205	210
266	194	172
273	204	203
209	179	128
210	205	111
210	111	112
244	173	238
320	244	238
213	116	136
286	215	284
721	674	718
288	283	187
342	247	313
247	212	185
420	362	410
307	246	305
468	412	431
216	185	110
220	144	219
246	217	220
283	214	187
280	236	211
220	141	144
219	144	143
261	190	189
302	248	243
295	221	290
263	192	262
222	219	143
222	143	146
353	308	299
228	161	162
224	223	164
224	164	165
290	221	231
259	226	230
226	225	150
226	150	149
227	154	153
227	153	184
296	228	251
370	360	307
240	227	184
229	184	156
230	226	149
230	149	152
231	221	158
231	158	157
263	231	192
232	191	145
406	405	306
242	166	234
301	235	299
267	198	249
399	328	380
235	233	106
429	357	382
282	212	247
274	204	273
252	175	237
321	253	244
624	610	571
371	342	313
239	167	225
294	225	226
366	304	258
331	306	264
272	264	181
300	242	234
270	197	194
243	222	191
298	191	232
253	200	244
253	176	200
273	203	256
279	209	274
289	219	248
325	263	262
284	214	283
285	185	216
289	220	219
248	219	222
249	198	170
256	203	207
250	249	170
250	170	197
251	228	171
414	293	354
254	245	210
254	178	252
312	269	253
440	405	406
322	245	254
338	276	306
265	172	193
255	180	205
257	208	180
279	237	179
272	202	271
405	388	306
294	226	259
259	230	240
297	240	184
295	229	221
293	224	260
292	171	223
323	296	315
782	720	743
424	377	364
323	261	296
305	246	289
297	229	295
264	206	181
271	202	201
309	249	250
380	328	309
399	353	328
330	266	327
319	168	242
400	308	353
312	268	269
268	241	169
269	268	196
269	196	176
331	264	272
329	241	268
272	181	202
317	238	236
311	256	277
384	331	332
322	279	340
423	374	422
322	254	237
322	237	279
275	265	193
275	193	174
277	256	207
277	177	276
278	174	208
338	277	276
339	278	337
306	276	264
254	252	237
385	334	359
313	285	286
344	286	284
281	280	186
281	186	213
282	281	213
282	213	212
284	215	214
320	238	317
345	287	307
346	343	283
314	281	282
285	247	185
286	285	216
286	216	215
288	187	218
287	218	217
392	345	360
307	287	246
517	475	487
533	519	464
291	232	167
363	290	263
298	243	191
298	232	291
364	315	349
370	305	369
293	292	223
293	223	224
351	348	239
294	239	225
350	259	297
348	291	239
296	261	189
296	189	228
350	294	259
297	259	240
351	294	350
378	324	323
401	308	400
300	234	233
368	309	326
408	366	367
301	300	233
301	233	235
324	261	323
324	262	261
327	265	303
303	265	275
352	298	291
325	262	324
369	305	347
369	347	362
333	256	311
339	275	278
393	343	346
433	393	392
404	300	301
308	301	299
328	267	249
353	299	267
310	271	241
329	268	312
337	278	257
359	335	333
321	244	320
317	236	316
344	313	286
341	281	314
375	317	374
441	325	324
315	296	251
414	292	293
390	344	343
393	390	343
361	341	314
374	317	316
318	302	243
318	243	298
450	402	411
473	368	443
504	444	479
329	310	241
376	312	321
321	312	253
340	279	274
333	273	256
410	362	365
377	315	364
407	324	378
377	323	315
441	324	407
518	488	441
326	309	250
326	250	270
330	270	266
479	402	450
404	301	308
353	267	328
376	321	320
375	320	317
667	634	663
406	331	384
373	341	361
382	357	310
332	331	272
332	272	271
335	273	333
335	274	273
337	257	334
339	303	275
340	335	336
340	274	335
336	334	255
336	255	245
358	333	311
359	336	335
387	311	338
338	311	277
389	303	339
388	338	306
322	340	336
322	336	245
341	316	280
341	280	281
342	314	282
342	282	247
344	284	343
343	284	283
376	320	375
373	316	341
346	283	288
345	288	287
431	372	390
370	307	305
347	305	289
347	289	248
352	318	298
398	363	263
349	315	251
349	251	292
351	239	294
396	350	295
396	295	290
395	348	351
413	398	325
394	365	318
380	309	368
474	451	405
425	377	424
354	293	260
383	327	355
355	327	303
356	319	242
356	242	300
357	332	310
381	329	312
385	337	334
385	359	358
412	371	372
359	333	358
360	345	307
422	374	373
432	361	391
374	316	373
362	347	302
394	318	352
396	290	395
395	290	363
417	349	414
418	319	356
365	362	302
365	302	318
458	416	415
419	354	304
367	366	258
367	258	319
474	405	440
471	436	380
494	469	461
475	415	420
387	358	311
359	334	336
391	342	371
391	361	314
372	371	313
372	313	344
608	587	553
445	409	416
412	391	371
421	373	361
428	381	427
422	373	421
382	310	329
381	312	376
453	400	437
446	424	364
537	518	476
425	378	377
379	368	326
379	326	330
437	399	436
438	354	419
510	480	474
382	329	381
448	357	429
426	375	423
383	379	330
383	330	327
423	375	374
426	376	375
386	337	385
388	387	338
389	339	386
386	339	337
387	386	385
387	385	358
451	388	405
510	474	505
455	403	388
389	355	303
391	314	342
390	372	344
433	392	409
475	458	415
393	346	392
392	346	345
416	360	370
416	370	415
435	394	398
398	263	325
397	395	363
397	348	395
396	395	351
396	351	350
397	394	352
397	352	348
398	394	397
398	397	363
511	443	444
400	353	399
471	380	368
404	308	401
467	429	428
478	408	459
411	383	355
406	306	331
403	389	386
403	386	387
454	356	404
404	356	300
788	754	735
411	402	383
736	708	685
449	411	430
489	452	410
639	613	588
459	408	367
443	368	379
409	392	360
500	469	494
518	441	476
579	513	555
450	411	449
480	430	442
427	376	426
432	391	412
457	435	413
435	398	413
417	364	349
414	349	292
416	409	360
415	370	369
493	445	486
501	439	500
419	304	366
438	417	414
453	401	400
481	459	418
460	419	366
446	364	417
420	415	369
420	369	362
468	432	412
469	434	433
439	431	434
427	381	376
495	448	429
470	462	421
437	400	399
550	508	482
482	425	464
476	441	407
428	382	381
456	406	384
483	440	456
429	382	428
467	428	465
465	427	426
534	501	500
462	422	421
430	411	355
430	355	389
461	409	445
431	412	372
434	390	393
432	421	361
434	393	433
434	431	390
468	431	439
463	422	462
457	365	435
435	365	394
436	399	380
491	438	419
484	437	472
492	460	408
438	414	354
485	446	417
486	445	458
524	487	452
477	384	448
463	423	422
565	517	546
441	413	325
442	430	389
442	389	403
622	604	572
479	444	402
444	443	379
444	379	402
461	433	409
469	433	461
513	484	472
482	447	425
447	407	378
447	378	425
456	440	406
448	384	357
606	554	567
572	552	504
546	517	487
505	474	440
571	450	516
455	388	451
452	420	410
476	407	447
574	567	511
454	418	356
466	423	463
454	404	401
537	476	508
455	442	403
490	481	454
459	367	418
488	457	413
457	410	365
491	485	438
460	366	408
481	418	454
490	401	453
511	444	504
491	419	460
499	463	496
465	428	427
523	475	517
565	545	517
523	458	475
493	461	445
464	425	424
497	464	424
505	440	483
477	456	384
466	465	426
466	426	423
502	462	470
500	439	469
470	432	468
470	421	432
509	500	494
469	439	434
496	463	462
494	461	493
528	485	491
526	481	490
472	437	436
514	471	473
615	527	580
473	471	368
618	556	589
642	612	603
644	592	583
523	486	458
507	410	457
488	413	441
498	467	465
569	530	540
528	491	492
485	417	438
511	473	443
514	473	511
480	449	430
480	451	474
484	453	437
481	478	459
541	521	484
560	519	533
542	483	520
520	483	456
490	454	401
543	526	521
522	497	446
497	424	446
583	532	548
590	525	544
487	475	420
487	420	452
553	523	545
546	487	524
480	442	455
480	455	451
521	453	484
521	490	453
492	408	478
550	482	519
522	446	485
492	491	460
561	540	536
536	496	502
495	429	467
530	499	512
548	493	486
498	465	466
549	498	530
563	518	537
615	594	527
519	482	464
512	499	496
602	597	575
499	498	466
499	466	463
501	468	439
501	470	468
502	496	462
502	470	501
520	456	477
534	500	509
503	472	436
503	436	471
551	505	483
540	530	512
551	483	542
620	591	619
506	479	450
510	449	480
507	489	410
569	549	530
508	476	447
508	447	482
530	498	499
529	448	495
516	449	510
516	450	449
572	504	538
720	672	703
573	524	559
578	562	547
574	511	552
514	503	471
554	515	503
552	511	504
515	513	472
515	472	503
575	510	505
673	622	647
636	599	565
544	525	489
674	650	651
652	607	637
582	555	515
577	508	550
556	529	495
884	854	850
526	490	521
526	478	481
579	541	513
539	522	528
507	457	488
558	507	488
606	582	554
559	524	525
525	524	452
525	452	489
575	571	516
648	626	630
678	639	665
527	492	478
533	464	497
528	522	485
529	520	477
529	477	448
531	495	467
531	467	498
547	509	532
590	559	525
532	509	494
532	494	493
541	484	513
588	550	519
535	501	534
535	502	501
536	512	496
536	502	535
610	506	571
622	572	595
599	545	565
558	488	518
538	504	479
538	479	506
557	522	539
557	497	522
561	535	534
589	549	569
617	548	587
543	521	541
589	531	549
556	495	531
570	557	539
630	603	609
576	558	563
576	544	558
545	523	517
749	722	705
688	636	649
894	6	7
540	512	536
561	536	535
583	547	532
548	532	493
584	520	529
549	531	498
601	589	569
584	529	556
676	632	669
597	571	575
554	503	514
598	579	555
587	486	553
553	486	523
555	513	515
628	582	606
625	615	581
607	537	577
589	556	531
756	719	698
635	596	590
557	533	497
558	544	489
558	489	507
699	674	651
563	558	518
606	567	574
695	671	643
562	509	547
591	540	561
562	561	534
562	534	509
607	563	537
577	537	508
564	560	533
564	533	557
621	553	545
617	587	608
566	538	506
702	649	677
567	554	514
567	514	511
570	564	557
568	492	527
631	619	578
659	631	592
581	543	541
600	579	598
610	566	506
571	506	450
726	697	673
605	574	552
611	546	573
573	546	524
582	515	554
614	555	582
575	516	510
575	505	551
593	544	576
588	519	560
756	698	721
605	552	604
591	562	578
591	561	562
581	541	579
580	527	478
580	478	526
594	568	527
568	539	528
568	528	492
580	526	543
661	619	631
619	591	578
631	578	592
585	520	584
585	542	520
655	623	566
624	571	597
586	551	542
638	586	633
617	583	548
587	548	486
612	588	560
593	590	544
618	585	584
714	653	682
607	576	563
629	576	607
618	584	556
620	540	591
592	578	547
592	547	583
718	674	699
596	573	559
594	539	568
612	560	603
595	572	538
595	538	566
596	559	590
719	702	677
602	551	586
602	575	551
600	581	579
594	570	539
611	565	546
636	565	611
603	560	564
720	709	672
616	542	585
616	586	542
725	703	675
681	661	631
613	577	550
642	603	630
641	574	605
604	552	572
658	614	628
643	598	614
641	606	574
621	545	599
613	550	588
629	593	576
662	608	653
792	781	768
609	603	564
609	564	570
872	857	870
709	647	672
794	744	783
656	601	620
625	581	600
643	626	598
657	635	593
635	590	593
626	600	598
614	598	555
615	580	543
615	543	581
682	653	654
659	592	644
662	617	608
644	583	617
618	589	601
667	633	616
740	714	682
620	569	540
656	620	619
620	601	569
621	608	553
664	637	613
707	685	671
680	640	646
623	595	566
655	566	610
716	668	693
655	610	624
700	640	680
625	594	615
628	614	582
671	642	630
627	611	573
627	573	596
683	605	640
727	680	697
637	577	613
637	607	577
625	609	570
625	570	594
633	586	616
634	585	618
666	597	632
632	597	602
638	602	586
638	632	602
667	616	634
634	616	585
652	629	607
701	686	660
690	644	662
701	660	688
639	588	612
673	646	622
735	706	694
669	638	668
657	593	629
684	679	652
683	641	605
640	605	604
670	628	641
641	628	606
658	643	614
737	705	679
679	629	652
685	665	642
690	659	644
728	711	715
645	634	618
645	618	601
646	640	604
646	604	622
647	622	595
647	595	623
648	609	625
648	630	609
649	636	611
649	611	627
650	627	596
687	651	635
651	650	596
651	596	635
685	642	671
678	664	639
653	608	621
753	701	730
654	653	621
654	621	599
703	672	675
669	632	638
691	645	656
656	619	661
664	613	639
665	612	642
671	626	643
665	639	612
689	667	663
693	668	633
660	654	599
660	599	636
663	634	645
656	645	601
715	711	691
662	644	617
691	656	661
691	663	645
648	625	600
648	600	626
695	643	658
729	679	684
692	675	655
666	624	597
681	631	659
774	709	759
668	638	633
693	633	667
801	778	753
732	676	706
671	630	626
670	658	628
707	671	695
713	684	664
672	647	623
692	624	666
709	673	647
785	724	758
699	651	687
687	635	657
675	672	623
675	623	655
692	655	624
676	666	632
677	649	627
677	627	650
679	657	629
684	637	664
684	652	637
757	713	724
734	696	700
726	673	709
710	659	690
741	681	710
688	660	636
712	682	686
831	779	749
683	670	641
713	664	678
729	684	713
700	683	640
717	695	696
686	682	654
686	654	660
705	657	679
754	706	735
927	913	910
702	688	649
750	712	738
693	667	689
714	690	662
714	662	653
711	663	691
715	661	681
692	666	676
822	746	773
761	742	745
810	759	782
694	669	668
704	693	689
736	685	707
708	665	685
696	695	658
696	658	670
697	680	646
697	646	673
698	677	650
698	650	674
708	678	665
705	687	657
700	696	670
700	670	683
883	833	859
822	773	807
767	756	721
719	677	698
760	732	754
732	692	676
716	693	704
716	694	668
783	718	755
835	802	820
706	676	669
706	669	694
806	762	789
755	718	699
757	729	713
724	678	708
834	810	813
752	697	726
715	691	661
710	681	659
711	704	689
711	689	663
801	753	771
730	701	688
758	708	736
722	687	705
740	682	712
723	710	690
741	728	715
723	690	714
742	716	733
754	732	706
762	737	729
717	707	695
755	699	722
722	699	687
800	745	781
730	688	702
772	743	746
759	709	720
835	812	802
721	698	674
762	729	757
724	713	678
728	704	711
741	715	681
770	737	762
739	680	727
807	773	760
773	725	760
774	752	726
816	759	810
803	786	791
749	705	737
780	723	714
790	763	750
770	749	737
737	679	729
753	738	701
802	756	767
731	725	675
731	675	692
798	763	790
733	716	704
760	725	731
732	731	692
736	707	717
734	717	696
853	822	832
817	795	778
742	694	716
742	735	694
870	824	846
774	726	709
738	712	686
738	686	701
739	734	700
739	700	680
855	842	812
874	860	842
764	710	723
747	728	741
769	736	765
784	748	727
743	720	703
760	731	732
744	721	718
779	755	722
745	742	733
780	740	763
746	743	703
746	703	725
775	728	747
881	856	864
748	739	727
782	759	720
797	744	794
783	744	718
763	712	750
763	740	712
751	730	702
751	702	719
876	865	838
752	727	697
778	738	753
859	817	840
846	824	772
800	776	745
779	722	749
818	805	779
797	767	744
767	721	744
837	823	799
758	724	708
786	769	765
765	717	734
858	837	816
784	727	752
819	788	808
807	760	787
788	787	754
761	735	742
769	758	736
765	736	717
778	750	738
768	747	764
764	747	741
764	741	710
766	739	748
789	762	757
766	765	734
766	734	739
890	864	848
802	777	756
780	714	740
775	747	781
805	755	779
786	765	766
830	806	789
804	758	769
771	753	730
771	730	751
822	772	746
788	735	761
922	21	909
773	746	725
837	799	816
830	804	821
775	704	728
780	763	768
776	761	745
781	747	768
777	751	719
777	719	756
848	794	826
781	745	733
849	830	821
831	749	770
780	768	764
780	764	723
775	781	733
775	733	704
875	834	865
816	799	774
826	783	805
893	855	879
809	791	748
853	846	822
826	794	783
785	757	724
804	769	786
789	757	785
898	857	872
787	760	754
840	801	811
832	787	819
829	803	791
905	877	861
839	819	808
920	897	901
791	786	766
791	766	748
859	833	817
800	781	792
793	782	743
793	743	772
930	927	899
805	783	755
795	790	750
795	750	778
796	771	751
796	751	777
896	881	5
894	880	6
798	792	768
798	768	763
799	784	752
799	752	774
828	792	798
825	798	790
817	778	801
840	817	801
874	842	855
855	812	835
809	748	784
858	810	834
804	789	785
804	785	758
831	770	806
821	804	786
836	826	805
806	770	762
815	790	795
819	787	788
808	788	761
808	761	776
861	843	823
829	791	809
816	774	759
844	806	830
811	801	771
811	771	796
812	796	777
812	777	802
813	810	782
813	782	793
814	808	776
828	798	825
825	790	815
828	776	800
887	837	858
898	876	857
860	840	811
885	851	854
821	786	803
924	877	905
839	808	814
845	832	819
820	802	767
820	767	797
830	789	804
849	821	803
907	882	897
869	845	839
823	809	784
823	784	799
824	793	772
846	772	822
863	847	815
828	800	792
904	864	890
836	805	818
827	797	794
915	9	10
847	825	815
828	814	776
851	818	831
851	831	844
870	857	824
854	844	849
849	844	830
831	818	779
832	822	807
832	807	787
833	815	795
833	795	817
917	909	21
912	889	903
894	7	8
893	8	9
867	826	836
848	827	794
858	816	810
861	823	837
838	813	793
838	793	824
886	868	878
845	819	839
893	874	855
896	856	881
841	820	797
841	797	827
842	811	796
842	796	812
843	829	809
843	809	823
871	836	818
844	831	806
897	882	886
863	815	833
925	17	18
917	903	875
847	814	828
847	828	825
869	839	852
899	859	888
884	850	862
900	854	884
850	849	803
850	803	829
854	849	850
871	818	851
852	839	814
852	814	847
930	899	914
882	870	846
885	871	851
854	851	844
893	879	8
860	811	842
856	841	827
890	848	867
857	838	824
935	16	920
887	861	837
923	912	916
883	863	833
908	901	878
914	888	902
899	883	859
889	834	875
924	906	877
862	850	829
862	829	843
945	914	929
873	847	863
864	856	827
864	827	848
865	834	813
865	813	838
866	835	820
866	820	841
904	881	864
867	848	826
868	853	832
868	832	845
873	852	847
891	869	852
906	884	862
906	862	877
895	871	885
892	836	871
882	846	853
907	872	870
891	852	873
908	878	869
929	902	915
914	899	888
876	838	857
917	21	22
917	875	909
922	876	898
877	862	843
877	843	861
878	868	845
878	845	869
879	855	835
879	835	866
880	866	841
880	841	856
904	4	881
881	4	5
907	870	882
925	907	897
913	873	910
910	873	863
918	884	906
895	892	871
931	918	906
911	904	890
886	882	853
886	853	868
931	906	924
905	861	887
888	859	840
888	840	860
889	887	858
889	858	834
892	867	836
923	905	912
15	935	932
947	939	940
943	1	2
911	867	892
894	866	880
894	879	866
896	880	856
894	8	879
921	885	900
946	934	943
896	5	6
896	6	880
908	869	891
926	907	925
898	872	19
898	19	20
927	910	883
910	863	883
